0 2.82843 -1 90 581
0 1 5 1 578
0 6 5 12 575
0 1 0 262 569
0 3.53553 1 136 574
0 4 5 171 569
0 5.65685 -1 91 570
0 5 5 78 572
0 9.47523 5 25 576
0 4.24264 1 164 567
0 4.24264 1 50 566
0 9.92278 1.75 64 570
0 4.9029 5 127 568
0 9.80361 1.41666 105 574
0 2 -0 89 563
0 8.49706 2 41 571
0 5.1149 1.4 183 568
0 3 5 158 561
0 5.547 1.49999 118 560
0 7.59257 1.16666 211 563
0 1.41421 1 95 556
0 4 0 40 557
0 4 -0 19 558
0 4 5 404 557
0 5.36656 1.99999 5 559
0 3.53553 1 167 557
0 5.65685 1 285 557
0 2 -0 152 552
0 4.8654 1.2 149 562
0 2.12132 1 123 554
0 5.6921 -3.00002 202 555
0 2.82843 -1 160 550
0 4 5 133 553
0 5 -0 14 551
0 6.66795 5 67 553
0 4.22158 0.818184 296 555
0 4.6 1.33334 231 557
0 5.05069 1.79999 186 553
0 2 5 153 546
0 3 -0 146 547
0 4.94975 1 112 550
0 6 5 196 548
0 5.36656 2 397 548
0 4.24264 1 172 548
0 4 -0 62 544
0 4.45483 1.625 52 550
0 2.68328 1.99999 16 545
0 3 5 219 543
0 3 5 129 544
0 2 5 149 541
0 4 -0 162 541
0 6.35468 1.625 250 554
0 1 5 214 540
0 3 5 155 541
0 5.2 1.33333 6 544
0 4.94975 1 421 542
0 5.65685 1 269 548
0 2.82843 1 177 539
0 3.8 1.33334 434 544
0 4.24264 1 355 540
0 4.01852 0.764707 310 551
0 3 5 425 537
0 9.15255 0.666663 408 539
0 3.53553 1 171 539
0 4.62648 1.55556 472 545
0 2.82843 1 462 537
0 3.64723 0.650001 374 547
0 2.82843 1 217 536
0 4.24264 1 125 537
0 2.82843 1 276 539
0 3 5 145 536
0 3.57771 1.99999 43 537
0 4.47214 2.00001 13 537
0 5.01377 2.49999 207 538
0 2 5 163 535
0 5 5 255 534
0 4.4376 1.5 138 537
0 8.42737 2.25 81 547
0 4.37287 1.25 54 536
0 3.53553 1 156 533
0 1 0 271 529
0 3.53553 1 96 530
0 2.82843 1 463 529
0 3.72621 0.199997 402 529
0 2.82843 1 265 529
0 3 5 215 530
0 5.57832 4.00001 6 531
0 5 5 348 532
0 3 5 342 529
0 3.84118 0.769232 343 544
0 5.93495 1.08333 186 535
0 2.12132 -1 131 528
0 6.86355 1.83333 33 541
0 2.82843 1 335 528
0 4.24264 -1 250 528
0 5 -0 69 528
0 3 -0 55 527
0 4.02492 -0.500014 48 528
0 5.65685 1 594 528
0 4.17171 1.45455 237 551
0 3.8829 1.49999 148 528
0 3.53553 1 137 526
0 11.094 1.5 105 536
0 4.24264 1 38 528
0 3.57137 3.5 18 530
0 2 5 266 524
0 4 5 202 527
0 1 -0 24 524
0 6.36396 1 606 527
0 4 5 316 524
0 3.53553 1 174 526
0 4.16025 1.5 621 528
0 3 5 211 523
0 3 5 327 522
0 3.53553 1 749 523
0 2.12132 1 588 521
0 2.12132 1 251 521
0 4 -0 50 522
0 4 5 2 523
0 2.82843 -1 311 520
0 3.53553 1 243 521
0 2.82843 1 126 522
0 4.4376 1.49999 581 529
0 3.79628 1.16667 381 527
0 2.82843 1 306 523
0 2 5 206 518
0 4 0 20 519
0 3.53553 1 9 520
0 4 5 183 519
0 6.26099 2.00002 94 520
0 4.25829 1.625 646 525
0 3 -0 147 517
0 4.02492 2 679 523
0 4 5 636 517
0 2.82843 1 599 516
0 2.2 1.33333 365 519
0 2.82843 1 321 516
0 2.82843 -1 306 515
0 4 -0 166 517
0 3.53553 1 42 517
0 4.40662 1.35714 543 529
0 4 -0 238 516
0 4.18273 1.08333 160 521
0 2 0 370 513
0 3.87214 0.805555 369 529
0 3.53553 1 345 515
0 3.53553 1 30 516
0 3 5 2 515
0 2.12132 1 569 513
0 4.16025 1.5 562 527
0 3.75813 1.57143 466 522
0 6.36396 1 413 524
0 3.53553 1 259 516
0 2.12132 1 250 513
0 5.15373 0.8 192 518
0 2 0 529 511
0 2 5 375 512
0 4.94975 1 277 526
0 4.33861 1.16666 137 516
0 4.82808 2.5 66 517
0 6.14185 0.925926 488 527
0 4 -0 202 511
0 4.74665 1.55556 704 520
0 3.94447 1.66666 628 521
0 3.1305 1.99997 564 514
0 2.82843 -1 365 510
0 2.99052 0.764705 330 516
0 2.82843 1 313 511
0 4.26001 0.700001 309 536
0 2 5 148 510
0 3.53553 0.999992 38 511
0 5.37587 0.333332 16 512
0 2.12132 1 300 510
0 3.03116 1.42857 212 513
0 4.94975 1 89 511
0 4.22745 1.58333 664 521
0 2.68328 1.99999 613 511
0 2.82843 1 358 509
0 2 -0 29 508
0 4.42719 2.99997 651 513
0 3.15296 3.99994 606 510
0 2 0 394 507
0 2.82843 1 391 512
0 3.53553 1 335 507
0 2.82843 1 244 508
0 3 5 692 507
0 2.68328 1.99998 629 509
0 2 -0 565 506
0 3.53553 1 176 509
0 2.82843 -1 144 506
0 3 -0 137 506
0 4.4 1.33334 715 513
0 3.84539 1.55556 436 528
0 2 -0 608 504
0 3 -0 466 504
0 2.82843 -1 186 504
0 5 -0 61 505
0 5.26965 1.50001 761 511
0 3.57771 1.99999 667 508
0 3.1305 2 511 505
0 2.12132 1 376 504
0 2.22948 0.599995 366 504
0 3.1305 0.49999 359 503
0 4.91573 2.66667 339 506
0 5.58156 0.125001 311 504
0 2.82843 -1 302 503
0 2.12132 1 250 505
0 3.05085 1.5 152 505
0 13.435 1 110 513
0 3.1305 2.00001 686 508
0 3.60555 1.5 525 518
0 3.60533 1.46428 445 526
0 2.82843 -1 389 502
0 2 5 381 502
0 4 5 350 503
0 3.3282 1.5 36 503
0 2.12132 1 907 502
0 3.1305 1.99996 701 502
0 3.8 1.33334 595 506
0 3 5 329 502
0 2 5 142 500
0 4.24264 -1 83 502
0 3 -0 172 500
0 4.24264 1 25 501
0 5.09325 4 11 502
0 3.53553 1 644 500
0 3.07289 0.833337 473 502
0 3 5 324 500
0 1 5 303 498
0 2.82843 1 257 500
0 4.37287 1.25 126 503
0 4.63046 1.66666 738 509
0 5.93852 3.33333 582 507
0 2 5 423 498
0 2.82843 1 179 500
0 3.8 1.33334 616 500
0 2.70588 1.87499 569 505
0 2.74398 1.66668 557 500
0 1 5 429 497
0 2 5 384 497
0 2 5 377 497
0 3 5 349 497
0 4.9923 1.5 226 518
0 4.9923 1.5 727 512
0 2.7735 1.5 416 498
0 5.65685 1 193 502
0 2.12132 -1 145 496
0 2.12132 -1 139 496
0 4.51553 1.90476 78 517
0 3 5 711 496
0 2.57248 1.66665 622 497
0 3.60536 1.46667 413 506
0 2.12132 1 367 496
0 4 5 342 496
0 4.16025 1.5 56 497
0 3.8829 1.49999 31 496
0 2 5 643 494
0 2.82843 -1 559 494
0 3.71307 0.833337 295 497
0 2.6 0.750003 248 496
0 3.53553 -1 134 495
0 4.16025 1.5 19 495
0 2.34261 1.25 725 496
0 4 5 676 494
0 2.82843 -1 574 493
0 2.12132 -1 425 493
0 2.91548 1.66666 631 500
0 4.24264 -1 591 494
0 3.57771 1.99997 550 493
0 2.12132 -1 186 492
0 3.2249 1.74999 675 505
0 3.1305 2.00005 611 491
0 5.547 1.5 201 497
0 4 5 505 494
0 4.4 1.33334 460 494
0 1 0 383 489
0 2.8 0.750006 378 491
0 4 5 24 490
0 2.76471 1.87501 654 496
0 2 5 640 488
0 3.53553 1 635 491
0 2 0 422 488
0 2.7735 0.666664 370 490
0 4 -0 286 490
0 2.82843 1 239 489
0 3 5 130 489
0 4.24264 -1 586 490
0 4.24264 1 403 489
0 5.8 -1.33333 5 491
0 2.82843 1 721 488
0 2 5 672 487
0 2.49615 1.5 578 489
0 2.82843 1 138 488
0 4 -0 16 488
0 2.82843 1 843 486
0 4.16025 1.5 848 505
0 3.25847 1.66668 750 490
0 2.68328 2.00003 729 489
0 2 5 608 485
0 2.82843 1 415 488
0 2 5 188 486
0 5.89623 0.88889 92 490
0 4.69214 1.41176 837 504
0 5.25327 1.45454 797 506
0 2.49615 1.49999 616 487
0 3.79473 3.00002 498 489
0 3.53553 1 452 485
0 2 5 234 484
0 4.4 1.33334 896 498
0 2 -0 636 483
0 2.82843 1 569 486
0 2.82843 1 546 484
0 4 0 279 484
0 6.45105 1.44445 154 496
0 5.74866 1.16667 75 490
0 4.16025 1.5 858 501
0 3 5 666 483
0 2.68328 2.00004 624 485
0 2 0 605 482
0 2.68328 2.00002 552 485
0 2.82843 1 405 483
0 6.34545 1.66666 359 488
0 2.82843 1 181 486
0 3.1305 2.00002 714 484
0 3.90215 1.3 447 495
0 2 5 410 481
0 2.82843 1 584 482
0 2.82843 -1 572 481
0 2 5 417 481
0 5.15373 1.25 395 498
0 2.62342 1.1 246 487
0 3 5 230 481
0 4.94975 1 165 488
0 2.82843 1 879 481
0 3.60555 1.5 797 489
0 2.12132 1 747 480
0 3 -0 670 480
0 3 5 540 481
0 2.82843 1 449 480
0 2 -0 162 480
0 5 -0 85 481
0 3 5 838 479
0 2.12132 -1 822 478
0 4.46378 1.72728 769 502
0 4 -0 742 479
0 2 5 639 480
0 2 5 615 479
0 2 5 608 479
0 4 -0 493 479
0 2.4327 0.833337 375 482
0 2.23607 2.00004 361 479
0 2.12132 1 885 479
0 2.68328 2.00001 646 480
0 2.7353 1.71429 560 485
0 2.4 1.33333 462 484
0 3.74249 1.58064 442 506
0 3.53553 1 228 489
0 6.19877 2.23076 740 493
0 3.59594 1.28572 694 486
0 3 -0 602 477
0 3 5 566 477
0 2.82843 -1 544 477
0 3.85039 1.42857 516 490
0 2.91548 1.66665 500 479
0 1.41421 -1 452 476
0 4.24264 1 398 479
0 1 -0 379 476
0 3.60147 1.66667 130 478
0 4.94975 1 102 479
0 7.77817 -1 22 481
0 2.98758 1.3 702 483
0 3 -0 633 476
0 2 -0 578 475
0 5.7542 0.931034 218 493
0 4 5 194 478
0 2.23607 1.99997 619 476
0 2 5 584 475
0 3.90434 1.25 6 477
0 3.03632 1.78571 683 487
0 2 5 604 473
0 3.53553 1 432 475
0 2.82843 1 410 475
0 2 5 356 473
0 2.12132 1 224 475
0 3 5 158 474
0 9.54388 -5 56 483
0 2.82843 1 873 474
0 2.68328 2 843 474
0 2.438 1.59999 829 477
0 3 -0 819 473
0 6.17555 1.40625 815 502
0 2.12132 1 667 473
0 2 -0 612 473
0 2.82843 1 536 473
0 2.82843 -1 424 473
0 4.91935 0.500003 274 476
0 3 0 20 473
0 4.6456 1.39394 867 499
0 2.23607 2 751 473
0 2 5 635 472
0 3.77297 1.66666 80 473
0 3 5 878 471
0 3.60555 1.5 817 481
0 3 0 683 471
0 2.48421 1.92307 655 483
0 3 5 563 471
0 3.53553 1 393 471
0 2.82843 1 720 475
0 3 -0 600 470
0 2 5 579 470
0 2.2188 1.50001 571 472
0 3 5 542 470
0 3 0 447 470
0 2.82843 1 442 473
0 4 5 417 471
0 2.12132 -1 194 470
0 2.18643 1.25001 884 471
0 2 -0 816 468
0 2.82843 1 736 470
0 2.76107 1.57144 625 474
0 2.68328 1.99997 502 470
0 3.03703 0.857142 368 472
0 2 0 352 468
0 3 5 189 469
0 5.12873 0.9 115 476
0 5 5 43 472
0 3 -0 745 468
0 3.05085 1.50002 641 469
0 2 5 613 468
0 4.23948 1.29825 489 510
0 3 5 434 468
0 4 5 402 468
0 4 -0 3 468
0 2.756 1.6 785 470
0 1 5 633 466
0 2.82843 1 629 468
0 3 -0 608 467
0 2 5 411 466
0 5.74866 1.16667 149 470
0 4.24264 1 139 472
0 3 -0 18 467
0 3 -0 844 466
0 2.55745 1.4 832 470
0 2 5 710 466
0 2.12132 1 421 466
0 3 0 387 466
0 2.12132 1 821 465
0 2 5 681 465
0 3.53553 1 558 466
0 2.12132 1 453 465
0 5 -0 87 466
0 3.57771 1.99999 54 466
0 2 5 813 463
0 3.59525 1.77777 775 472
0 3 5 576 464
0 3 -0 537 464
0 1.41421 1 498 463
0 2.68328 2 495 467
0 2 5 192 464
0 1 0 107 463
0 3.53553 -1 100 464
0 7.25749 1.95833 40 490
0 3 5 742 463
0 2 5 715 463
0 3.37118 1.40001 705 471
0 1.41421 0.999999 630 462
0 3 -0.750006 597 464
0 2.12132 1 563 463
0 4.26445 2.25001 486 469
0 2 5 456 462
0 2.82843 1 442 464
0 2.12132 1 427 464
0 2.82843 -1 366 463
0 2.12132 1 347 463
0 6.20766 3.4 181 472
0 4.71495 1.5 67 471
0 2 5 570 463
0 3.20524 1.8 549 467
0 2.74398 1.66668 531 464
0 3 5 2 463
0 3 5 826 461
0 2.82843 1 749 463
0 3 -0 626 461
0 2 -0 432 461
0 2.12132 1 407 461
0 3 5 387 461
0 3.86979 0.818184 205 467
0 4 -0 41 461
0 3 -0 14 461
0 2.82843 -1 677 460
0 2.68328 -0.5 556 460
0 2 5 447 460
0 2.82843 -1 437 460
0 2.82843 -1 188 460
0 2.75599 1.59999 836 463
0 3 5 706 460
0 3 5 609 460
0 2 5 542 459
0 2 5 499 459
0 3.8829 0.666663 475 460
0 2.82843 1 396 461
0 1.41421 -1 362 458
0 6.87878 1.625 168 468
0 5.2 1.33333 121 465
0 3 -0 24 459
0 2.82843 1 842 459
0 2.12132 1 815 458
0 2.12132 1 810 458
0 2 5 738 457
0 2.49878 1.25 733 461
0 3 5 695 458
0 2.72876 1.74998 645 461
0 3 5 592 458
0 2.12132 1 490 458
0 2 0 452 458
0 3.56781 1.1111 866 462
0 2 5 712 457
0 2.7735 1.5 690 464
0 2.49615 1.49999 636 459
0 2.12132 1 443 457
0 2 5 401 456
0 2.12132 1 342 457
0 5.05695 0.863637 307 477
0 2.82843 -1 192 457
0 4 5 156 458
0 4 -0 105 458
0 3.16011 2.66668 878 460
0 2.82843 1 821 456
0 5.42314 1.76471 773 493
0 3.56845 2.1 658 467
0 4.04863 1.18055 497 502
0 2.12132 -1 432 455
0 2.82843 1 426 456
0 2.82843 1 420 457
0 3 -0 147 456
0 5.65685 -1 76 459
0 4.24264 1 53 458
0 2.82843 1 765 457
0 3.68782 1.16666 664 459
0 2 5 647 455
0 2.82843 1 622 455
0 2.4 1.33333 602 457
0 3.1305 2.00005 566 455
0 2 5 560 455
0 2.82843 1 553 456
0 3.1305 2.00005 525 455
0 2 5 476 455
0 1.41421 0.999999 436 454
0 3.53553 1 381 456
0 2.12132 -1 279 455
0 3.53553 1 6 456
0 2 5 743 454
0 3 5 702 454
0 3 -0 690 454
0 2.7735 1.5 532 456
0 3 -0 389 454
0 3.53553 -1 199 454
0 3.53553 1 139 458
0 2.82843 1 865 453
0 2.82843 1 837 453
0 7.04662 1.65218 528 492
0 2.82843 1 495 454
0 3.53553 1 338 466
0 4.44086 0.901961 290 475
0 2.82843 1 185 454
0 4.51067 0.199998 32 454
0 3.50644 1.54545 896 475
0 1.41421 1 811 451
0 3 5 735 452
0 2 5 708 452
0 3 0 547 452
0 3 0 468 452
0 2.82843 1 397 452
0 4.86101 0.923076 330 470
0 5 -0 18 453
0 4.8 1.33333 874 488
0 4.13955 1.36364 801 458
0 4.95184 1.46153 721 460
0 2 5 695 451
0 2 5 651 450
0 2.12132 -1 557 450
0 2 5 420 450
0 2 0 379 450
0 3 5 192 451
0 2.82843 1 750 451
0 2.68328 2.00002 573 451
0 2 5 499 450
0 2.82843 1 447 451
0 3 -0 414 450
0 2 5 384 450
0 3.10446 1.23077 373 462
0 3.29757 1.07693 355 458
0 2 5 274 450
0 4 -0 142 451
0 3 -0 78 450
0 2.82843 1 817 450
0 2.82843 1 644 450
0 2.438 1.59999 625 452
0 3 5 618 449
0 3 5 600 449
0 2 5 492 449
0 2.82843 1 439 450
0 2.82843 1 430 449
0 4.21669 1.25 92 454
0 4.94975 1 915 452
0 4.7224 1.21429 905 464
0 2.23607 2 869 450
0 3 1.33332 806 450
0 2 -0 699 447
0 2.82843 1 524 448
0 1 0 503 447
0 3.3282 1.5 5 449
0 2.82843 1 858 447
0 3.1305 2.00005 833 447
0 3.03116 1.42857 669 451
0 2.76564 1.54545 613 455
0 2.12132 1 469 447
0 2.12132 1 391 447
0 3 5 320 447
0 3 5 306 447
0 5.2865 0.827586 217 462
0 3.58503 1.2 171 453
0 1.41421 -1 137 446
0 3 5 648 446
0 2.82843 1 563 447
0 3 5 554 446
0 2.82843 1 486 446
0 3 -0 187 446
0 3.53553 1 14 447
0 2.49615 1.5 738 446
0 2.82843 1 705 445
0 3 5 691 445
0 2.82843 1 481 449
0 3 5 423 445
0 2.82843 1 344 446
0 2.82843 -1 270 445
0 5.65685 1 118 452
0 3 5 794 445
0 2.72876 1.75 756 447
0 2.82843 1 746 445
0 2.7735 0.666669 543 445
0 2.53098 1.57142 535 449
0 3 5 519 444
0 3 5 802 443
0 2.12132 1 730 444
0 3 0 660 443
0 2 0 654 442
0 3.57771 1.99997 464 443
0 3.15296 0.250002 431 443
0 2 5 856 441
0 2.68328 1.99996 837 443
0 2.23607 2.00005 612 442
0 3.53553 -1 498 443
0 1 5 491 442
0 2 0 302 441
0 2.8 0.750006 195 443
0 4.63046 1.66666 158 445
0 4.51546 1.14286 127 446
0 2.82843 1 852 442
0 3.60505 1.55555 781 452
0 2 5 733 441
0 2.82843 1 618 441
0 3 -0 604 441
0 2.12132 1 558 440
0 2 0 483 440
0 2.82843 1 386 442
0 3.60474 1.57143 97 446
0 3 5 863 440
0 3.71192 1.43749 768 450
0 2.97113 2.49996 710 442
0 2.7735 1.5 695 441
0 3 5 515 440
0 3 -0 470 440
0 3 5 418 440
0 3.53553 1 84 440
0 5 0 6 441
0 2.82843 1 896 443
0 2.94485 1.19999 886 442
0 2.46932 1.54545 823 448
0 3.6 1.33333 723 446
0 2.82843 1 593 440
0 2.82843 1 549 440
0 4.24264 1 237 465
0 3 5 203 440
0 4.02492 2.00001 104 441
0 3.53553 1 845 440
0 6.04739 2.32142 590 472
0 3.25847 1.66667 264 440
0 4.06052 1.25 72 441
0 3 5 750 438
0 3 5 741 437
0 2.72876 1.75001 641 440
0 2.68328 1.99998 566 439
0 2 -0 553 436
0 1 0 540 436
0 2.82843 1 535 437
0 3 0 520 437
0 2 5 477 437
0 2 -0 465 436
0 2.9673 1.25 351 445
0 4 5 130 438
0 2.82843 1 712 437
0 4.67715 1.36363 632 444
0 3.53553 1 456 437
0 2.82843 1 297 436
0 2.90659 1.125 174 442
0 2.82843 1 902 439
0 3.53553 1 853 436
0 2.4 1.33333 808 439
0 3.60555 1.5 787 439
0 3.01753 1.38462 673 443
0 3.17647 1.87499 588 445
0 2.82843 1 495 436
0 2 5 487 436
0 1.41421 -1 482 434
0 3.78118 5 427 436
0 2 -0 421 435
0 5.33651 1.03947 259 476
0 3.1305 -2 190 436
0 3 5 813 434
0 2.63426 1.36363 681 441
0 3 5 607 435
0 2.82843 -1 512 434
0 2.82843 1 180 437
0 3.46966 1.0625 143 442
0 5.77748 2.33333 25 440
0 2.54399 1.60001 871 441
0 2.12132 1 818 433
0 2 5 693 433
0 3.1305 1.99998 649 435
0 2 5 635 433
0 2 -0 575 433
0 2.12132 -1 530 432
0 3 5 472 433
0 4 -0 96 433
0 2.12132 1 888 433
0 3 1.33334 797 435
0 2 0 741 431
0 3 5 716 432
0 3 5 686 433
0 2 -0 642 432
0 2.82843 1 568 433
0 2 5 536 432
0 2 5 460 432
0 2.68328 2 206 434
0 2.74398 1.66668 732 433
0 3 -0 550 431
0 3 5 524 431
0 2 5 517 431
0 3.32828 1.6087 525 471
0 2 -0 478 431
0 2.12132 1 196 432
0 4.24264 1 117 434
0 2.12132 1 789 430
0 2.82843 1 756 432
0 2.68328 2.00002 746 431
0 2.68328 1.99997 725 434
0 2.12132 -1 709 430
0 3.70873 3.49991 658 433
0 3.53553 -1 622 430
0 1 0 603 429
0 2 0 416 429
0 2.82843 1 292 430
0 4 -0 65 430
0 5.82435 1.5 60 440
0 2.82843 1 809 429
0 2 5 666 429
0 2 5 578 429
0 3.08697 1.66665 558 431
0 2.12132 1 467 429
0 3.03378 1.4375 447 440
0 2.12132 1 893 429
0 2.49878 1.25001 846 430
0 3.53553 1 781 429
0 2 5 690 428
0 2.72876 1.75002 587 431
0 2.68328 2.00002 543 429
0 3 0 507 428
0 3 5 421 428
0 3.8829 1.5 214 429
0 2.82843 -1 814 427
0 3.53553 1 674 427
0 3 -0 571 427
0 2.82843 1 531 427
0 2.82843 1 338 428
0 5.65685 1 245 448
0 2 5 192 427
0 2.82843 1 920 431
0 2 0 882 426
0 3.53553 1 836 429
0 2.82843 1 793 426
0 3 -0 737 426
0 3 5 681 426
0 3.1305 2.00002 632 427
0 2 5 622 425
0 2 5 600 425
0 3.0879 1.37501 596 431
0 2 5 513 426
0 3.53553 1 492 427
0 3.3282 1.49999 765 431
0 3 5 713 425
0 3 5 643 425
0 2 5 638 425
0 2.94923 1.42857 611 430
0 2 -0 519 424
0 3 5 462 425
0 2.4 1.33332 200 426
0 2.82843 1 185 428
0 4.99344 1.2 160 430
0 4.11597 1.66667 148 431
0 3.74817 1.25 877 429
0 2.12132 1 719 424
0 3 5 651 425
0 3 0 552 424
0 3.22022 1.35714 435 434
0 3 -0 412 424
0 3 0 287 424
0 3 5 207 424
0 3.8829 1.5 76 429
0 5.12157 1.3 7 429
0 2 -0 911 423
0 3 -0 887 423
0 2 5 797 423
0 3 -0 687 423
0 3.1305 2.00005 662 423
0 2 5 575 423
0 4.21017 0.956521 359 436
0 3.457 1.2 174 426
0 2.82843 1 804 423
0 3.05085 0.666669 726 423
0 2 -0 669 422
0 2.82843 -1 544 422
0 3 -0 538 422
0 3 -0 499 422
0 4.24264 1 109 423
0 9 1.33333 41 434
0 3.14456 1.57142 858 426
0 2.82843 1 786 422
0 3 -0 738 421
0 3 5 569 421
0 2.82843 1 561 421
0 2 5 514 421
0 3 5 415 421
0 2.82843 1 341 421
0 2 5 907 419
0 2 5 877 420
0 3.03116 1.42857 824 431
0 3 -0 733 420
0 1.41421 -1 648 420
0 3 5 588 420
0 3 -0 194 420
0 3 5 151 421
0 3 -0 882 419
0 2.82843 1 840 420
0 3.05085 1.5 705 422
0 2 5 656 420
0 2.82843 1 628 419
0 2.35339 -4.99992 581 421
0 2.81681 0.833337 438 421
0 3 5 407 419
0 3.11227 1.18182 120 426
0 8.23529 0.533333 96 426
0 4.94975 1 58 422
0 2.82843 1 867 419
0 2 5 798 418
0 2.82843 1 676 419
0 2.82843 1 604 419
0 2 5 572 417
0 3 -0 555 418
0 2.82843 -1 548 418
0 2.982 1.28571 478 422
0 2.82843 1 281 418
0 4 -0 46 419
0 3.52821 2.49996 830 420
0 3.53553 1 533 418
0 2 -0 410 417
0 3 -0 76 417
0 2.82843 1 906 431
0 2.12132 1 872 416
0 3 5 792 417
0 2.82843 -1 782 416
0 4.4 1.33332 775 420
0 2 5 719 416
0 2.82843 1 644 416
0 1.41421 -1 577 415
0 2.12132 1 539 416
0 2.12132 -1 512 415
0 2.34261 0.8 505 419
0 3 -0 492 416
0 4 5 334 417
0 7.65593 1.11111 134 420
0 2 5 730 414
0 2 5 725 415
0 3.1305 1.99997 683 416
0 2.12132 1 658 415
0 2.68328 2.00003 597 418
0 2.12132 -1 558 414
0 2.82843 1 522 419
0 2.12132 1 202 417
0 2.82843 -1 195 415
0 2 5 877 414
0 2.12132 -1 839 414
0 3.53553 1 824 416
0 2 5 799 413
0 2.82843 -1 701 414
0 2 -0 678 414
0 3.1305 1.99996 665 416
0 2.68328 2.00004 633 415
0 2.82843 1 566 415
0 2.82843 -1 544 414
0 2 5 497 413
0 3 5 146 415
0 3 5 862 413
0 6.36396 1 848 416
0 2.82843 -1 672 413
0 3.47851 0.33333 623 414
0 7.02782 1.25 616 418
0 3 5 585 413
0 2.12132 1 572 412
0 2.82843 1 340 414
0 4.94975 1 35 415
0 2.12132 1 901 414
0 2 -0 867 412
0 2.12132 1 833 412
0 3 5 788 412
0 3.02244 1.39999 711 415
0 3.22222 1.92857 697 425
0 2.7735 1.49998 651 413
0 3 5 590 413
0 3 -0 507 412
0 3.53553 1 276 413
0 2.81681 1.2 186 414
0 2.82843 1 178 415
0 3.53553 1 154 413
0 3 0 885 411
0 4 0 768 411
0 3 5 600 411
0 2.82843 -1 578 411
0 1 0 562 410
0 2.82843 -1 535 411
0 2 5 873 410
0 2.82843 1 778 410
0 3.05085 1.5 754 415
0 3.05085 1.5 745 418
0 2.82843 1 733 411
0 2 5 698 410
0 2.82843 1 640 410
0 2 5 554 409
0 2.82843 -1 512 410
0 2.82843 1 363 427
0 2 0 129 409
0 2.82843 1 855 410
0 2 5 834 408
0 3.1305 2.00004 794 409
0 2 5 726 409
0 2 5 703 408
0 3 5 660 410
0 2 0 618 408
0 3 5 607 409
0 2.12132 1 567 408
0 3 5 548 409
0 3 5 492 409
0 4.24264 1 923 412
0 1 0 862 407
0 3.53553 1 818 409
0 2.7735 1.49999 806 415
0 3 5 678 408
0 3 5 502 408
0 2.82843 1 404 409
0 3 5 169 408
0 4.64991 1.4 60 410
0 1.78885 1.99995 867 407
0 2.12132 1 784 407
0 2 5 628 407
0 2 5 579 406
0 5.81378 2 163 415
0 3 0 148 407
0 3 5 829 407
0 3 5 685 406
0 3 5 654 406
0 2.82843 1 647 406
0 3 5 594 406
0 2 5 586 405
0 4.18491 1.39999 326 409
0 3.53553 1 271 407
0 4.55368 1.44444 210 415
0 5.65685 1 121 407
0 2 5 773 405
0 2.12132 1 708 405
0 2.82843 1 693 405
0 2.82843 -1 613 405
0 2 5 570 405
0 2.12132 1 540 406
0 2.82843 -1 487 405
0 3 -0 331 405
0 4.46842 0.9375 238 427
0 4 5 138 407
0 4.3051 1.1 95 411
0 2.82843 1 894 406
0 2.12132 1 877 406
0 2.12132 1 858 403
0 4 -0 763 404
0 2.74398 1.66666 717 407
0 3 -0 634 404
0 3 -0 605 404
0 1 0 574 403
0 3 5 559 404
0 2 5 551 404
0 2.82843 1 496 404
0 4.295 0.636365 464 409
0 3.1305 2.00004 347 404
0 4.24264 1 67 405
0 3 5 886 403
0 2.82843 1 849 403
0 2 -0 820 402
0 2.82843 1 790 403
0 2 0 778 402
0 3 0 725 403
0 2.12132 1 675 403
0 2 5 544 403
0 2.12132 1 506 404
0 3.50249 0.842105 419 411
0 6.27784 0.896907 289 449
0 3 5 199 403
0 3 1.33333 840 405
0 2 5 825 402
0 2.72876 1.74998 667 406
0 2.12132 -1 589 402
0 3.1305 2.00003 529 404
0 2 5 481 401
0 2.82843 1 179 404
0 3 -0 170 402
0 2.12132 1 862 401
0 2.82843 1 798 402
0 2 5 782 400
0 2 5 708 400
0 2 5 613 400
0 3 -0 581 401
0 4 -0 165 401
0 2 0 159 400
0 2.82843 -1 768 400
0 2.82843 1 699 401
0 2 -0 689 399
0 3 5 659 401
0 3 5 643 400
0 2.81681 1.19999 621 402
0 2 5 555 399
0 3 -0 534 400
0 3 5 490 400
0 3 -0 403 400
0 2.82843 1 871 400
0 2 0 854 399
0 1 5 787 398
0 2.12132 1 712 399
0 3.1305 0.5 600 399
0 2 5 572 398
0 4 5 563 399
0 2 5 548 398
0 5 -0 450 400
0 2.82843 1 265 400
0 9.75441 2.23077 10 414
0 2.82843 -1 844 398
0 2 5 774 397
0 3 -0 719 398
0 3 -0 671 398
0 3 -0 627 398
0 3 -0 213 398
0 2.12132 1 208 399
0 4.98199 1.6 75 402
0 2.12132 1 880 397
0 2 5 764 396
0 3.05085 1.5 735 400
0 3.57771 1.99996 637 398
0 2.49136 0.888891 519 405
0 1 5 503 396
0 6.05406 0.909091 475 406
0 2.82843 1 341 398
0 2.12132 1 913 399
0 2 0 817 395
0 2 0 779 395
0 3.3282 1.49999 757 397
0 2 0 705 396
0 3 -0 694 396
0 3 -0 607 396
0 3.1305 2.00004 593 396
0 3 -0 585 396
0 2.68328 2.00005 541 397
0 3 0 497 396
0 4 -0 476 396
0 3.86295 0.953846 379 427
0 2.89885 1.11111 335 400
0 3.57276 1.13333 295 420
0 2.82843 1 192 398
0 12 5 49 404
0 2.82843 1 925 401
0 2.12132 1 856 395
0 3.1305 2.00004 823 395
0 2.12132 1 578 395
0 2 -0 569 394
0 3.53553 1 523 396
0 3.53553 1 201 395
0 5 0 62 396
0 2.12132 1 873 394
0 2.12132 1 865 395
0 2 5 850 394
0 2.82843 1 791 395
0 2.12132 1 785 393
0 2 5 760 393
0 2 -0 710 394
0 3 -0 615 394
0 2 -0 529 393
0 2 5 444 394
0 3.81926 0.785714 435 411
0 3.73257 1.12195 311 423
0 3.36285 0.933332 187 402
0 2.12132 1 885 395
0 2.82843 1 838 393
0 2.82843 -1 770 393
0 2.12132 1 336 393
0 2.82843 1 260 394
0 3.53553 1 147 396
0 3 0 124 393
0 4.91935 2.00001 40 394
0 4.01379 1.1111 809 398
0 2.82843 -1 715 391
0 2.82843 1 663 393
0 3 5 209 392
0 7.15858 0.9375 97 401
0 2 5 870 390
0 2 0 844 390
0 1 0 706 390
0 3 5 700 391
0 3 0 688 391
0 3 5 669 391
0 3.3282 1.50001 648 395
0 3 -0 491 391
0 2 0 344 391
0 1 0 848 389
0 2 5 818 390
0 3 5 775 390
0 2 5 573 390
0 2.7735 1.5 544 391
0 2.82843 -1 496 390
0 2.81681 0.833333 481 392
0 4 5 468 391
0 2.89552 0.904762 388 413
0 4.41195 1.02703 236 410
0 2.82843 1 196 390
0 3.32896 0.83333 133 392
0 3 5 813 389
0 2 0 782 388
0 3.06196 1.54546 744 397
0 2.95124 1.71427 679 394
0 2 -0 608 389
0 2.81113 0.799997 554 391
0 2 0 519 389
0 2.8 0.750005 501 389
0 3.1305 2.00001 453 392
0 3.66881 0.875002 233 393
0 3 5 174 389
0 4.24264 1 927 390
0 2.12132 1 835 388
0 2.82843 1 753 389
0 2.49615 1.50001 722 393
0 4.24264 1 107 392
0 8.41166 1.44444 28 395
0 2.982 1.28572 902 392
0 2.12132 1 866 387
0 3.57771 1.99996 629 388
0 2.82843 1 485 387
0 3.53553 1 406 388
0 2.82843 1 331 387
0 3 5 808 386
0 3.53553 1 798 388
0 2 5 712 386
0 2 5 701 385
0 3 1.33333 653 390
0 2.74398 0.6 618 389
0 3 5 339 386
0 4 5 254 387
0 3 -0 204 386
0 2.92856 1.16666 183 389
0 5.80963 0.363636 73 389
0 3 5 844 385
0 2 5 770 385
0 2.82843 1 765 387
0 2.12132 -1 706 385
0 2.82843 -1 570 385
0 4 5 358 385
0 5.4 0.75 314 391
0 2.82843 1 211 385
0 2 5 870 384
0 2 5 813 383
0 3 5 756 384
0 3 -0 665 384
0 3 5 659 385
0 2.756 0.624998 582 388
0 2.49615 1.5 535 387
0 2.74398 1.66665 877 386
0 3 5 734 384
0 1.41421 -1 715 382
0 2.82843 1 695 384
0 3 -0 444 383
0 4.24264 1 147 388
0 3.2 1.33333 114 385
0 2.12132 1 863 382
0 2.12132 1 832 382
0 2.95511 1.22222 826 389
0 3.33397 0.200001 779 383
0 2.82843 1 748 382
0 2.82843 1 640 383
0 2.12132 1 479 382
0 4.31614 0.925373 380 416
0 2.82843 1 190 384
0 2 5 804 380
0 3.1305 2.00004 793 381
0 1 5 698 381
0 2.12132 1 627 381
0 2.82843 -1 566 381
0 3.1305 0.5 541 382
0 2.49615 1.5 523 382
0 2.65495 0.799996 488 383
0 4.16025 0.666667 398 382
0 3 5 325 381
0 2.82843 1 321 385
0 3.53553 1 221 384
0 4.24264 1 135 382
0 3 -0 839 380
0 1 5 738 379
0 4 5 620 380
0 3.53553 1 353 381
0 3 5 333 380
0 3 5 206 380
0 2.12132 -1 809 379
0 2.82843 1 766 379
0 2.12132 -1 702 379
0 3 5 657 379
0 2.76107 0.636362 592 385
0 3 -0 529 379
0 3.53553 1 459 382
0 4.96774 0.74 439 402
0 2.82843 1 196 381
0 2.12132 1 892 380
0 1 0 777 377
0 2.82843 -1 743 378
0 2.12132 -1 694 377
0 4.4376 0.666668 557 383
0 2.82843 -1 475 378
0 3.83138 1.11475 267 414
0 2 5 200 378
0 2.82843 1 177 379
0 2.56074 1.2 907 385
0 2.82843 1 827 377
0 2.82843 1 816 377
0 2.82843 -1 799 377
0 3 -0 773 377
0 2 5 755 377
0 2.12132 1 750 377
0 3.25493 1.4 725 383
0 2 5 563 377
0 3 5 339 377
0 3 5 213 378
0 5.77748 2.33334 48 384
0 2.68328 2.00002 870 377
0 3 5 790 376
0 3.6 -1.33335 710 378
0 2.82843 1 664 376
0 2.12132 1 623 376
0 3 5 613 376
0 2.82843 1 536 377
0 2.12132 1 347 376
0 3 5 219 376
0 3 -0 184 376
0 3.53553 1 56 378
0 2 5 863 375
0 2.81113 1.24999 857 377
0 2.82843 -1 834 375
0 2 5 806 374
0 2.82843 1 733 376
0 3.57771 2 671 379
0 3.45134 0.636362 599 379
0 2.82843 1 434 376
0 5.2197 0.285716 301 377
0 6.36396 1 16 378
0 3 5 760 374
0 4 -0 652 374
0 3.3955 4.0001 572 376
0 2.82843 1 523 374
0 3.59594 1.28572 511 378
0 3.43312 0.944445 380 394
0 3.53553 1 316 374
0 2.89885 1.11111 167 378
0 3.71307 1.2 119 380
0 4.94975 1 98 377
0 7.2111 1.5 5 381
0 3 5 887 373
0 2.12132 1 852 382
0 2.82843 -1 823 373
0 2.12132 1 812 373
0 2.12132 1 796 373
0 2.12132 -1 769 373
0 2.12132 1 739 373
0 2 0 722 372
0 3 5 705 373
0 3 -0 617 373
0 3 5 607 373
0 4 5 558 373
0 2.82843 1 470 374
0 3 5 207 373
0 2.12132 1 189 373
0 3 5 173 373
0 3 -0 787 372
0 3 5 745 372
0 2 0 728 371
0 4.07024 1.83333 642 376
0 3 5 531 372
0 2.82843 1 479 375
0 4.11597 0.599995 447 374
0 3 0 333 372
0 2.45576 1.28572 896 396
0 2 5 865 371
0 2 5 851 371
0 2.82843 -1 830 371
0 2 5 802 370
0 2 0 751 370
0 2.7735 0.666663 689 372
0 7.15542 1.99999 679 377
0 2 5 565 371
0 2.78994 0.714285 399 373
0 2 -0 299 371
0 2.97913 1.1875 261 381
0 3 5 858 370
0 2.82843 1 837 370
0 2.12132 1 820 370
0 2 -0 772 369
0 2 5 756 369
0 2 5 734 369
0 2.82843 1 698 371
0 3 5 660 370
0 4.77247 0.222222 226 371
0 2 -0 159 370
0 5 0 39 371
0 2 5 666 369
0 4 0 648 369
0 3 5 612 369
0 3 5 603 369
0 3 5 504 369
0 4 5 293 369
0 2.82843 1 214 369
0 3 5 181 369
0 4.94975 1 157 380
0 4.94975 1 52 369
0 3.53553 1 915 376
0 2 5 807 368
0 2 5 794 368
0 2.7735 1.5 710 368
0 2.82843 -1 560 368
0 4.5666 0.967742 384 383
0 4 5 310 368
0 2.12132 1 862 366
0 2.82843 -1 815 367
0 2 5 785 366
0 2.82843 1 765 368
0 1 5 743 366
0 2 0 739 367
0 2 5 723 367
0 3 5 717 367
0 2 0 470 366
0 3.34716 1.18182 243 373
0 3.05085 1.5 883 367
0 3 5 872 366
0 2 5 825 366
0 2 5 748 365
0 2.82843 1 688 366
0 4 -0 635 366
0 3.01058 1.36364 627 373
0 3 -0 598 366
0 2.82843 1 327 367
0 2.57441 0.888891 322 371
0 6.43772 1.61538 28 375
0 3.07399 0.625003 932 367
0 2 5 853 364
0 2.12132 1 833 365
0 2 5 802 364
0 2 0 753 364
0 2 0 730 364
0 1 0 704 364
0 3 5 700 365
0 2.12132 1 670 365
0 3 5 568 365
0 3.01438 1.375 514 369
0 2.34261 0.800003 462 367
0 4 -0 360 365
0 3 5 175 365
0 11.6988 2.5 128 370
0 2.82843 1 846 365
0 2 5 819 363
0 2.7735 1.49999 780 366
0 3 0 592 364
0 4.23999 0.625 581 368
0 3 5 555 364
0 2.82843 1 546 366
0 2.82843 1 901 363
0 3 -0 877 363
0 2 5 858 362
0 2 5 811 362
0 3 -0 790 363
0 2.12132 -1 665 362
0 2.12132 1 385 363
0 4.31111 0.900002 382 368
0 4 5 291 363
0 2.94485 1.2 191 366
0 4.99344 0.833333 99 368
0 2 5 783 361
0 2.82843 1 769 362
0 2 5 745 361
0 2 5 734 361
0 3 -0 676 362
0 3.1305 2 655 363
0 3 5 617 362
0 3.28599 0.625001 531 364
0 1.41421 -1 465 362
0 2.12132 1 337 366
0 3 -0 222 362
0 4 5 149 362
0 1 0 816 360
0 2 5 798 361
0 2.82843 1 759 361
0 2.12132 1 740 360
0 2 5 727 360
0 2 5 722 361
0 2.82843 1 711 361
0 2.4 0.75 606 363
0 3.53553 1 497 363
0 3.24739 0.891892 495 376
0 4 0 303 361
0 3.53553 1 209 362
0 3 5 181 361
0 2.82843 1 924 360
0 4.4376 0.666667 923 370
0 2 -0 849 360
0 2.82843 1 839 360
0 3 5 695 360
0 2.78994 0.714286 520 364
0 2.12132 1 321 361
0 3 5 216 360
0 2.65495 1.25 892 366
0 2.82843 1 867 360
0 2 5 854 359
0 3 5 669 359
0 2.82843 1 435 363
0 2 -0 175 359
0 3.53553 1 138 360
0 6.02068 0.899999 111 363
0 5 0 48 360
0 2 0 901 357
0 3 5 807 358
0 2.12132 1 789 358
0 2 0 775 357
0 3 5 660 358
0 3 -0 597 358
0 2.82843 1 585 359
0 3 0 568 358
0 3.57771 0.5 537 359
0 2.82843 -1 461 358
0 3 5 169 359
0 2 0 813 356
0 3.1305 2.00002 748 358
0 3 5 717 357
0 3 -0 706 357
0 3 -0 690 357
0 2.82843 1 627 360
0 2.82843 -1 591 357
0 2.82843 1 487 357
0 2.82843 1 470 358
0 4 5 370 357
0 5.65685 1 4 361
0 3 5 794 356
0 2 5 780 356
0 2.82843 -1 731 356
0 2 0 723 355
0 3 5 508 356
0 2.68328 2 502 357
0 3 -0 425 356
0 3 5 380 357
0 2.82843 1 308 357
0 3.53553 1 203 357
0 2.49615 1.5 881 357
0 2 5 852 354
0 3 5 844 355
0 2.82843 1 834 355
0 3 5 764 356
0 3 -0 736 355
0 3 5 700 355
0 2 5 864 353
0 3 -0 785 354
0 3 5 755 354
0 2 5 711 353
0 2.82843 -1 663 354
0 3.6 1.33335 651 356
0 4 5 640 357
0 2.78539 0.699999 557 357
0 3.1305 -2 455 356
0 3 -0 184 354
0 1 0 170 353
0 8.04315 1.5 64 369
0 3.1305 0.5 915 355
0 2.12132 1 873 355
0 2.9673 0.8 860 354
0 3 5 802 353
0 2.12132 1 772 353
0 1 0 718 352
0 4 5 576 353
0 2.12132 1 491 353
0 2.82843 1 343 362
0 3.0882 1.07693 197 361
0 2.68328 0.5 893 353
0 2.12132 1 824 356
0 2 5 743 352
0 2 -0 727 351
0 3.58503 0.833333 610 355
0 2 5 581 351
0 2 5 329 351
0 4.4376 1.5 280 356
0 2.49615 0.666673 901 352
0 1.41421 0.999999 833 351
0 2 0 809 350
0 2.82843 -1 693 351
0 4 5 600 352
0 2.94485 0.833333 527 353
0 3 5 497 351
0 2.82843 1 478 352
0 4.02492 2 211 353
0 2.82843 1 163 352
0 3.53553 1 160 359
0 3.2 1.33333 142 353
0 3.43582 0.800003 131 352
0 2 5 790 351
0 1.41421 -1 782 349
0 2 0 777 349
0 2 5 732 350
0 3 5 657 350
0 3 5 197 350
0 3.72907 0.818182 931 355
0 2.12132 -1 739 349
0 2 0 714 349
0 2.82843 -1 707 349
0 3 5 698 349
0 3 5 570 349
0 3.74817 1.25 519 352
0 2.82843 1 322 353
0 3.07289 0.833337 311 351
0 2.82843 -1 302 349
0 3.4979 1.1 290 354
0 3.66097 1.13333 240 356
0 3.1305 2 204 349
0 3 5 908 348
0 2 5 891 347
0 2.82843 1 840 349
0 3 5 828 349
0 2 5 815 348
0 3.1305 2.00005 759 349
0 3 -0 751 348
0 2 0 723 348
0 4 5 684 349
0 2.82843 1 651 348
0 3.02244 0.714285 560 350
0 2.82843 1 415 348
0 3 5 853 347
0 3 -0 797 347
0 2 -0 785 346
0 2.82843 1 768 348
0 3.53553 0.142857 641 348
0 4.74342 2.99995 626 349
0 3 -0 549 347
0 3 0 886 346
0 2.82843 1 866 346
0 2.82843 1 860 347
0 3 5 804 346
0 2 0 736 346
0 2.4 0.749997 504 349
0 3 1.33334 296 348
0 4.52904 1.25 226 355
0 2.68328 2 174 349
0 2.12132 1 773 345
0 2 5 745 345
0 3 5 729 345
0 2 5 702 344
0 4 5 689 346
0 3 0.75 585 348
0 3.02244 0.714288 538 352
0 2.82843 1 166 346
0 3.53553 -1 122 345
0 2.82843 1 836 344
0 2 5 811 344
0 2 5 780 344
0 2 -0 709 344
0 6.23649 0.478261 670 351
0 2.82843 1 575 345
0 3.90491 0.851064 448 365
0 5.96559 1.16667 350 353
0 3 5 322 344
0 2.82843 -1 302 344
0 2 5 288 344
0 4.7571 1.16129 262 368
0 4.41741 1.4 101 348
0 2.82843 1 823 344
0 2.12132 -1 791 343
0 3 5 717 343
0 3 5 543 344
0 4.63611 0.788461 408 366
0 2.82843 1 329 345
0 3 5 200 343
0 4 5 193 344
0 3.54527 0.428574 144 344
0 3 0 751 342
0 3 -0 697 342
0 3 5 632 342
0 2 0 521 341
0 4 0 509 343
0 3.53553 1 478 344
0 2.82843 1 314 343
0 2.82843 1 208 342
0 2 5 882 341
0 3 1.33333 846 345
0 2 5 798 341
0 2.82843 1 762 341
0 3 -0 723 341
0 4.24264 1 675 344
0 4 -0 639 341
0 3.53553 1 604 342
0 2.12132 1 279 342
0 4 -0 215 342
0 2.72876 0.571428 898 342
0 2 -0 808 340
0 2.12132 1 777 340
0 3 -0 770 340
0 2.12132 1 734 340
0 3 5 685 340
0 4.24264 1 467 343
0 2 5 285 339
0 2 5 831 339
0 1.78885 0.5 700 338
0 3.03703 0.857137 592 343
0 3.07289 0.833331 562 342
0 2.82843 -1 538 339
0 2.82843 1 419 339
0 2.82843 1 168 340
0 3.2 1.33333 154 342
0 3.05085 0.666671 912 342
0 2.12132 1 890 338
0 2 5 818 338
0 2.12132 1 803 338
0 3 -0 787 338
0 3 5 741 339
0 2 5 729 338
0 2.82843 1 713 338
0 2.82843 -1 705 338
0 2.82843 1 609 338
0 2.82843 -1 498 338
0 3.29252 0.875002 456 345
0 3.01031 0.874999 356 345
0 3 -0 321 338
0 3 5 187 339
0 8.35182 1.16667 10 347
0 4 5 878 337
0 2.82843 1 849 337
0 2.12132 1 813 337
0 3 5 748 337
0 2.12132 -1 679 337
0 2.82843 1 657 338
0 3 -0 598 337
0 3 -0 503 337
0 3.4 0.750003 488 340
0 2.97318 1.11111 179 342
0 3.53553 1 137 337
0 3.71307 0.833331 127 341
0 2.82843 1 758 336
0 2 5 719 336
0 3 5 690 337
0 3.8829 1.5 236 338
0 3.53553 -1 204 337
0 3 -0 884 335
0 2.68328 1.99997 855 337
0 2.82843 1 837 336
0 3.1305 -0.5 795 335
0 2.82843 1 765 335
0 2.82843 1 530 336
0 3.1305 0.5 523 336
0 2.82843 1 304 337
0 3 5 195 336
0 6.7082 2 32 350
0 3 -0 901 334
0 2.82843 -1 783 334
0 2.82843 1 774 335
0 3.53553 -1 696 334
0 2 5 674 333
0 2.82843 1 603 334
0 3.53553 1 554 335
0 4 5 547 335
0 2.12132 1 493 334
0 3 0 871 333
0 2 0 790 332
0 2.82843 1 736 333
0 3 5 726 333
0 2 5 712 332
0 3 5 706 333
0 2.82843 1 413 334
0 2 5 342 332
0 4 0 314 333
0 3.1305 2 225 339
0 2.82843 1 216 333
0 2 5 892 331
0 3.53553 1 844 332
0 2.82843 1 806 332
0 1 0 716 331
0 4.11096 3.00004 667 335
0 3.4 0.75 628 334
0 3.43582 0.8 477 334
0 4.26001 0.699999 291 336
0 2.82843 -1 229 332
0 2.82843 -1 133 332
0 18.444 1.6 77 350
0 5.23114 1.4 39 337
0 2 0 897 330
0 2.82843 1 888 331
0 2 5 875 330
0 2.82843 1 813 331
0 3 5 753 331
0 2.82843 1 683 331
0 2.82843 1 640 333
0 2.82843 1 578 332
0 2.82843 1 516 331
0 3 -0 296 331
0 3.53553 1 160 332
0 3.53553 1 152 331
0 2.82843 1 907 330
0 3 -0 779 330
0 3 5 769 330
0 3 5 761 330
0 2.82843 1 743 330
0 2.82843 -1 599 330
0 2.4327 0.833333 208 332
0 3 5 198 330
0 4 5 169 331
0 2 5 847 328
0 3 0 833 329
0 3 5 793 329
0 3 5 732 329
0 2.9673 0.800003 592 331
0 3.23655 0.818184 566 334
0 3 5 543 329
0 3.74817 1.25 455 332
0 2.82843 1 407 329
0 2 5 785 327
0 3 5 672 329
0 4 -0 659 329
0 2.82843 1 485 329
0 3 -0 335 328
0 2 5 894 326
0 3 0 882 327
0 3 5 868 327
0 3 5 801 327
0 2 5 721 327
0 2 0 712 326
0 4.19476 1.35715 614 336
0 2.21359 -3 841 327
0 2 5 737 325
0 2.82843 1 627 327
0 3.1305 0.499996 510 326
0 3.73705 1.125 141 331
0 5.05392 1.04348 865 337
0 3 5 776 325
0 2 5 764 325
0 3 -0 749 325
0 2 5 727 326
0 3.53553 1 618 327
0 3 0 555 325
0 3 -0 478 325
0 4.06052 0.8 442 328
0 3.37353 0.848484 433 340
0 3 -0 402 325
0 3 5 307 325
0 2.82843 1 302 327
0 4.24264 -1 219 326
0 5.4177 0.818183 924 338
0 4 5 827 325
0 2.82617 1.08333 821 330
0 2.82843 1 807 325
0 3 5 757 324
0 3.27965 0.8 644 326
0 4 -0 569 325
0 4.53366 0.714288 502 330
0 3.8 0.749999 364 331
0 4.53254 0.933334 328 333
0 3 0 876 323
0 2.12132 1 788 323
0 2.12132 1 781 322
0 2 0 744 322
0 3.1305 0.5 701 323
0 3 5 656 323
0 2.82843 1 160 323
0 4 0 152 323
0 2 0 145 322
0 4.9923 0.666667 933 330
0 3 5 865 322
0 3 0 797 322
0 2.12132 1 716 321
0 3 -0 707 322
0 3 5 673 322
0 2 5 612 321
0 2 5 592 321
0 3.07268 0.888891 531 326
0 2.12132 1 378 323
0 4.7036 1.14286 286 380
0 2.56074 1.2 228 325
0 3 5 901 321
0 2.82843 1 848 321
0 3 5 836 322
0 2 0 761 320
0 7.50934 0.111112 686 324
0 3.53553 1 664 322
0 3.53553 1 599 322
0 3.36242 0.857144 397 333
0 2.92856 1.16667 278 324
0 4 5 199 322
0 1 5 784 319
0 3 5 769 320
0 2.82843 1 633 321
0 3 -0 623 320
0 3 0.749999 518 324
0 3 -0 489 320
0 3 0 396 320
0 2.49615 1.5 329 321
0 4.16245 1.11111 111 327
0 8.48528 1 78 323
0 2.9673 0.799997 888 321
0 2.12132 -1 869 318
0 2 5 774 318
0 3.08697 -0.599992 750 319
0 3 5 722 319
0 4 -0 504 320
0 2.82843 1 408 319
0 3 -0 300 319
0 6.29098 1.16667 289 322
0 3.56781 1.11111 185 324
0 6.10345 0.95238 101 331
0 2.12132 -1 874 317
0 2.82843 1 822 318
0 2.7735 1.5 731 320
0 2 5 594 317
0 2 0 588 317
0 3.8829 1.5 470 320
0 4.32409 1.21053 262 332
0 3 5 831 317
0 3 5 794 317
0 2 5 711 317
0 3 -0 695 317
0 4 5 650 318
0 2 0 616 316
0 3 -0 608 317
0 3.8 0.750004 547 319
0 3 0.749995 431 318
0 4.94975 1 942 318
0 2.68328 0.5 915 316
0 2.7735 1.49998 809 317
0 2.12132 1 757 316
0 3 5 738 316
0 3 5 702 316
0 2.82843 1 462 316
0 2 5 220 315
0 2.82843 1 216 317
0 3.34894 1.75 191 319
0 3 5 145 316
0 5.8 1.33334 63 320
0 2.68328 0.5 880 315
0 3 0 817 315
0 2.82843 1 780 315
0 2 0 670 315
0 2.9673 0.800009 638 316
0 3 5 377 315
0 2 0 824 313
0 2.82843 -1 764 314
0 2.82843 1 745 314
0 2.82843 1 689 314
0 3 -0 660 314
0 2.82843 1 623 314
0 2.81439 0.81818 533 319
0 2.82843 -1 490 314
0 3 5 402 314
0 2.12132 1 319 316
0 2.82843 -1 281 314
0 4 5 235 315
0 13 5 47 320
0 3.3282 0.666669 928 316
0 2.12132 1 788 313
0 3 5 771 313
0 3 5 717 313
0 3 -0 643 313
0 2 5 631 312
0 3 -0 603 313
0 3.53553 1 558 317
0 2.91386 0.555555 437 315
0 2.82843 1 176 314
0 3.53553 -1 909 312
0 3.29795 0.636362 856 315
0 3 5 726 313
0 2.12132 1 709 312
0 2 0 677 311
0 4.24264 1 519 313
0 2.82843 1 422 312
0 2.82843 1 344 314
0 2.12132 1 287 312
0 3.74817 1.25 136 315
0 2.12132 1 934 311
0 3 -0 776 311
0 2.82843 -1 753 311
0 2 5 732 310
0 2.95893 0.812502 575 318
0 4.51591 0.765625 394 342
0 3.53553 1 308 315
0 3.53553 1 89 312
0 12.0208 1 12 327
0 2.82843 1 873 311
0 2 5 830 310
0 2 -0 824 309
0 2.82843 -1 740 310
0 2 5 697 310
0 2.46598 -5 682 313
0 2.82843 1 590 310
0 2.12132 1 294 312
0 3.53553 1 269 311
0 2.82843 1 152 313
0 2.12132 1 918 309
0 2.7735 0.666667 864 310
0 2.8 1.33333 841 313
0 2.82843 -1 765 309
0 2 5 758 309
0 2 0 713 308
0 2.82843 -1 692 309
0 3 -0 668 309
0 2.82843 1 611 310
0 3 -0 597 309
0 3.59701 0.571429 580 311
0 2.82843 1 560 309
0 4.94975 1 536 311
0 3.84111 0.833329 478 312
0 3.1305 2 185 310
0 9.61524 3.5 120 318
0 2.82843 1 903 309
0 3.19316 0.687499 889 313
0 3.05085 0.666662 812 308
0 3 5 748 308
0 4 -0 653 309
0 3 5 508 308
0 3 5 371 309
0 2.92856 0.857144 365 312
0 3 5 313 309
0 4.02492 2 223 309
0 3.76471 1.875 207 317
0 2.91623 1.14285 800 311
0 2.82843 1 791 307
0 2.12132 1 781 307
0 2.82843 1 639 307
0 2 5 622 307
0 2 0 546 306
0 3 0 416 307
0 2.82843 1 336 308
0 3 0 912 306
0 3.53553 1 847 307
0 2.82843 1 772 307
0 2.82843 1 721 306
0 2.82843 1 704 306
0 3 5 662 306
0 4.27099 -0.400004 630 306
0 2 5 513 305
0 4.2 0.750003 495 311
0 4.01379 0.9 346 328
0 3 5 129 306
0 2.12132 1 922 305
0 3 -0 833 305
0 2 0 825 304
0 2.82843 1 820 305
0 2 -0 761 305
0 3 -0 729 305
0 1 0 669 304
0 2 0 423 305
0 3.57771 0.500006 298 306
0 2.82843 1 275 307
0 4.34483 1.05 265 320
0 2.82843 1 189 305
0 4.24264 1 945 306
0 2.68328 0.5 896 304
0 2 -0 880 303
0 3 0 871 304
0 2.82843 1 856 304
0 2 5 743 304
0 3 -0 736 304
0 2.12132 1 716 304
0 3 -0 615 304
0 3 0 591 304
0 4.32275 0.793105 454 317
0 3.01031 0.874998 392 307
0 3 -0 363 304
0 1.78885 2 289 304
0 2.12132 -1 264 303
0 3 5 195 308
0 2.82843 1 930 305
0 2 5 753 303
0 2.82843 -1 690 304
0 2.2 0.750005 677 304
0 1.41421 -1 648 302
0 2.82843 1 571 304
0 3 0 562 303
0 2 0 482 303
0 2 0 409 302
0 4 5 343 304
0 2.82843 1 230 304
0 2.82843 -1 906 302
0 3 5 842 302
0 4.02492 -2 805 304
0 3 -0 767 302
0 2 5 698 303
0 2.82843 1 684 302
0 2.82843 1 642 303
0 3.60317 0.615384 455 306
0 3.03703 0.857143 433 304
0 2 -0 219 302
0 3.53553 1 178 303
0 4.94975 1 91 305
0 2 5 937 300
0 2.82843 1 865 302
0 2 0 851 300
0 3 -0 815 301
0 3 5 786 302
0 2 5 725 301
0 2.82843 1 624 301
0 1.41421 0.999999 611 301
0 2.23607 2.00004 579 301
0 2.12132 1 370 302
0 2 5 212 300
0 2.82843 -1 183 301
0 3.03703 1.16667 139 305
0 5 -0 52 302
0 2.12132 1 820 300
0 2.82843 1 795 300
0 2.82843 1 776 301
0 2.12132 1 757 300
0 2.82843 -1 711 300
0 2.82843 1 656 300
0 3 -0 537 300
0 2.12132 1 415 300
0 3.53553 1 314 300
0 2.82843 1 901 299
0 3 5 891 299
0 3 -0 663 299
0 4.94975 1 499 301
0 4.41741 1.4 240 307
0 4.24264 1 208 303
0 2.12132 1 192 299
0 2.82843 1 915 300
0 3.1305 0.5 875 298
0 2.82843 -1 810 298
0 2.12132 1 801 299
0 3 -0 749 298
0 2.82843 1 739 298
0 3 -0 732 298
0 2 5 651 298
0 3.3282 0.666664 508 300
0 2.12132 1 404 298
0 5.39796 1.125 381 307
0 2.82843 1 336 299
0 2.82843 1 306 301
0 2.12132 1 920 298
0 2.12132 -1 896 296
0 3 0 885 297
0 2.82843 1 837 297
0 2.12132 1 782 297
0 2 5 695 297
0 2.82843 -1 688 297
0 2 5 678 297
0 2.82843 1 672 298
0 3.15741 0.777778 600 301
0 2.82843 1 585 298
0 3 5 347 297
0 4 5 225 299
0 3.45022 1.10345 164 315
0 2.82843 1 933 297
0 2.82843 1 845 296
0 2.12132 -1 773 296
0 3 -0 764 296
0 3 5 707 296
0 2.12132 1 683 296
0 2.82843 1 572 296
0 3.05085 0.666667 563 297
0 4.43877 5 354 300
0 3.57771 2.00002 257 298
0 4 -0 142 297
0 2.82843 1 858 296
0 2.12132 -1 851 295
0 2 5 795 295
0 3.1305 2.00004 789 295
0 3 5 755 295
0 3 1.33333 701 296
0 2.82843 1 606 296
0 3.53553 1 491 296
0 2.6 0.75 432 296
0 3.53553 1 421 296
0 2 5 911 293
0 3 -0 905 294
0 2.7735 1.5 829 297
0 2 5 821 293
0 2.12132 1 816 294
0 2.12132 1 806 294
0 3 -0 745 294
0 4.24264 1 720 295
0 2 5 667 294
0 2.12132 1 656 294
0 4 5 630 294
0 2.82843 1 398 294
0 2.12132 1 378 294
0 2.82843 1 361 295
0 2.82843 1 279 300
0 4.24264 1 266 296
0 3.53553 1 243 296
0 2.82843 1 179 295
0 3 5 881 293
0 2 5 760 292
0 2.12132 1 660 292
0 3.05085 0.666669 642 294
0 3.57771 2.00003 617 295
0 4 5 588 293
0 3.53553 1 197 295
0 5.65685 1 118 296
0 4.02492 0.5 78 294
0 2.12132 1 892 292
0 3 0 777 292
0 2.82843 1 734 292
0 3 5 726 292
0 2.82843 -1 688 292
0 2.12132 1 674 292
0 2.12132 1 649 292
0 2.82843 1 579 293
0 3.53553 1 472 295
0 3 5 235 292
0 3.6 1.33333 169 294
0 3 -0 917 291
0 2.7735 0.666664 867 292
0 3 5 800 291
0 2.12132 1 751 291
0 2 0 742 290
0 2.12132 1 679 291
0 2.7735 0.666667 510 292
0 4.17189 0.76 412 313
0 2.82843 1 348 291
0 2.82843 -1 223 291
0 3.3282 1.49999 207 293
0 5.36656 -2 128 294
0 3 0 900 290
0 2.82843 1 848 290
0 4 5 835 290
0 2 0 810 289
0 2 5 695 290
0 4 0 566 290
0 5.70892 0.619047 541 295
0 2.82843 1 496 291
0 3 5 369 291
0 4 -0 333 291
0 2.56074 0.833331 925 291
0 2 5 910 288
0 2 5 886 288
0 2 5 879 288
0 2 0 794 288
0 2.82843 1 784 290
0 2 5 663 288
0 2.82843 1 624 289
0 2.82843 1 423 290
0 2 5 318 288
0 3.68782 0.857143 321 296
0 2.82843 1 307 291
0 3.03703 1.16667 215 292
0 3.53553 -1 103 289
0 4.63158 1.21429 66 297
0 1 5 820 287
0 2.12132 1 757 288
0 2 5 669 287
0 3 5 655 288
0 2.12132 1 645 288
0 2 0 503 287
0 3 0 414 288
0 3.03703 0.857142 286 293
0 2 5 271 287
0 6.1017 1.5 24 292
0 3 -0 873 287
0 3 0 859 287
0 1.41421 1 815 287
0 2 5 804 287
0 1 5 748 287
0 2.7735 1.5 703 288
0 3 5 685 287
0 2 0 640 286
0 3 -0 633 287
0 2.12132 1 570 287
0 3 5 242 288
0 2.82843 1 184 291
0 2.82843 1 74 287
0 2.82843 1 842 286
0 2.82843 1 828 286
0 3 5 711 286
0 2.55745 0.714283 592 287
0 3.53553 1 193 286
0 3 5 905 285
0 3 -0 894 285
0 2 5 888 284
0 2 5 744 285
0 2.82843 1 736 285
0 2 5 665 284
0 2 0 650 284
0 3.53553 1 524 285
0 2 0 441 284
0 2.82843 1 352 286
0 2.82843 1 200 286
0 3.53553 1 170 286
0 4.02492 0.863636 159 296
0 3.60147 1.66667 136 288
0 5.65685 1 45 290
0 2 5 878 283
0 2.12132 1 751 284
0 2.82843 1 729 285
0 2 5 696 283
0 2 5 574 284
0 4.24264 1 462 285
0 5.18307 0.941178 456 294
0 2 5 208 283
0 2.82843 1 159 285
0 5 5 110 285
0 2 0 824 282
0 3.32182 1.125 766 288
0 2.82843 1 627 284
0 2.82843 1 218 284
0 4.24264 1 124 285
0 5.65685 1 91 289
0 3 -0 899 282
0 3 -0 868 282
0 3.53553 1 853 283
0 3 5 836 282
0 3 -0 809 282
0 2.82843 1 691 282
0 3 5 658 282
0 3.40588 0.846154 518 290
0 5.15373 0.8 481 286
0 3.57935 0.857142 439 290
0 3 5 298 282
0 3 5 273 282
0 2.78994 0.714294 914 283
0 2.82843 -1 814 281
0 2.68328 0.5 797 281
0 3.53553 1 636 282
0 4.46842 0.9375 546 288
0 2.49615 0.666669 341 282
0 2.82843 1 281 281
0 1.41421 0.999999 890 280
0 3 5 884 280
0 2.49615 0.666673 786 281
0 3 -0 739 280
0 2.82843 1 706 281
0 2.12132 1 671 282
0 2 0 644 279
0 2.82843 1 422 281
0 4.02492 0.499994 411 281
0 4.42139 1.14286 403 288
0 3.66881 0.875003 385 284
0 3.53553 1 293 286
0 2 5 875 278
0 3 5 847 279
0 2 -0 830 278
0 2 0 804 279
0 2.82843 1 773 280
0 3 5 757 279
0 2 5 745 278
0 3.53553 1 453 280
0 2.12132 1 307 280
0 2.82843 1 266 281
0 2.82843 1 895 278
0 3 -0 863 278
0 2 5 841 277
0 2.12132 1 819 278
0 3 5 652 278
0 3 5 345 278
0 3.30847 1.375 247 283
0 3 0 153 278
0 4 -0 142 279
0 3 -0 906 277
0 3 5 790 277
0 2.82843 1 732 277
0 2 5 686 277
0 3 -0 622 277
0 4.02492 0.5 597 280
0 3.2 0.749995 566 278
0 2 5 878 276
0 2 0 870 275
0 2 -0 824 276
0 2 0 808 275
0 5 5 720 280
0 3.05085 1.5 679 279
0 3.53553 1 253 278
0 5.62885 1.44444 225 282
0 3.57771 2 162 277
0 3 -0 767 275
0 2.82843 1 711 276
0 2.82843 1 691 276
0 1 5 668 274
0 3 -0 559 275
0 6.00245 0.600003 525 278
0 2 5 340 274
0 3.41915 1.11111 327 279
0 3 5 147 275
0 5 -0 118 276
0 3 -0 889 274
0 2.12132 1 862 273
0 3 5 798 274
0 3 5 780 274
0 3 5 761 274
0 2.12132 1 752 274
0 2 5 746 273
0 2 5 739 274
0 3.53553 1 700 275
0 2.12132 1 645 274
0 3 0 386 274
0 3 5 372 274
0 3.57935 0.857141 369 280
0 3.3282 1.5 352 276
0 3.53553 1 335 274
0 6.78823 -5 230 276
0 3 5 901 273
0 3 5 857 273
0 6.34545 -1.66666 632 275
0 2.82843 1 584 275
0 4 -0 446 274
0 2 0 281 272
0 3.53553 1 56 274
0 3 -0 884 272
0 2.82843 1 844 273
0 3.13049 0.5 833 273
0 2.12132 1 820 272
0 2 0 814 272
0 2.12132 1 650 272
0 6.50791 1.16667 614 277
0 1 0 553 271
0 4 0.75 548 278
0 4.94975 1 105 275
0 1.41421 0.999999 870 271
0 2 5 787 271
0 2 -0 641 271
0 5 -0 403 272
0 3.53553 1 246 272
0 4.66399 0.624998 942 279
0 2.82843 1 876 270
0 3 5 804 270
0 3 -0 764 270
0 2.82843 1 673 270
0 3 -0 599 270
0 3.75623 0.944442 576 277
0 4 5 532 271
0 3.02547 0.818182 435 274
0 3.53553 1 413 271
0 3 -0 356 270
0 3 5 214 270
0 2.82843 1 192 275
0 3.592 0.799995 946 272
0 2 5 825 268
0 1 0 798 268
0 2 5 794 269
0 4 -0 773 270
0 2.12132 1 748 269
0 1 5 742 268
0 2.82843 1 659 274
0 2.12132 1 588 269
0 9.89949 1 497 276
0 2.82843 1 422 271
0 3.53553 1 142 269
0 3 0 851 268
0 3.53553 1 726 270
0 3 -0 663 268
0 2 0 646 268
0 3 -0 469 268
0 4.24264 1 465 273
0 4.24264 1 310 272
0 10.6066 1 75 274
0 2.82843 -1 925 267
0 2.82843 1 864 267
0 3.1305 0.5 837 268
0 3 -0 782 267
0 2.82843 1 735 268
0 4.24264 1 714 268
0 3.3282 1.5 693 268
0 4 5 561 268
0 2 0 536 266
0 4.24264 1 505 269
0 5 5 454 269
0 2.82843 1 329 268
0 3.60555 0.666672 894 268
0 3 5 882 266
0 3 5 810 266
0 2 0 760 266
0 2.12132 1 754 267
0 3 -0 702 266
0 2.82843 1 373 267
0 4.24264 1 271 270
0 3.53553 1 178 272
0 3 0 936 265
0 3 -0 820 265
0 3 5 770 265
0 2 5 651 265
0 4 0 625 266
0 3 0 547 265
0 2.82843 1 364 266
0 3.654 1.125 253 269
0 3 -0 871 264
0 3 -0 858 264
0 3 0 831 264
0 3 5 789 264
0 2 5 738 264
0 4.24264 1 594 264
0 3.53553 1 402 265
0 2.82843 1 334 266
0 4 0.750004 219 266
0 2.6 0.75 918 264
0 2 5 805 263
0 3 -0 672 263
0 3.1305 0.5 580 263
0 3.53553 1 344 265
0 5.14981 0.375 231 266
0 4 5 207 264
0 2.12132 1 137 263
0 3 5 877 262
0 3.1305 2.00004 799 262
0 2 5 779 262
0 2 5 756 261
0 2.82843 1 746 262
0 2 5 729 262
0 2.82843 1 659 263
0 4.24264 -1 639 264
0 3 5 931 261
0 3.59853 0.760869 926 280
0 2.82843 1 887 261
0 3 -0 850 261
0 3 -0 815 261
0 3 5 766 261
0 2 5 690 261
0 4.24264 1 608 262
0 3.53553 1 241 263
0 3.53553 1 180 262
0 4.6 1.33333 110 264
0 14.139 0.733333 35 271
0 3 5 925 260
0 2.21359 0.33333 864 260
0 3 5 826 260
0 2.12132 -1 785 259
0 1 5 734 259
0 2 5 871 259
0 2 5 795 259
0 2 5 774 259
0 4.24264 1 718 261
0 3 5 697 260
0 3 -0 648 259
0 3.8829 0.666673 517 260
0 4 0.750001 488 262
0 4 1.33333 314 264
0 5.39464 1.1875 198 268
0 3.53553 1 67 260
0 2.82843 1 911 258
0 3 5 895 258
0 3.45238 -5 843 261
0 2.12132 -1 769 257
0 2.82843 1 705 259
0 3 5 685 258
0 3 -0 668 258
0 3.1305 0.5 634 258
0 4.47214 1.99997 617 260
0 4.24264 1 572 262
0 3.3282 0.666669 459 260
0 3.47297 0.571433 447 260
0 3.53553 1 393 259
0 2.12132 1 349 261
0 2.12132 1 337 258
0 5.81378 2 165 261
0 2.12132 1 760 257
0 3 5 712 257
0 2.82843 1 661 257
0 3 5 627 257
0 4.64144 0.909091 434 262
0 4 5 367 258
0 2.82843 1 291 259
0 8.13825 0.391304 284 264
0 2.82843 1 197 257
0 3.1305 2.00005 905 256
0 3 5 880 256
0 2.82843 1 809 257
0 2 5 803 257
0 3 5 740 256
0 2 5 730 255
0 4 -0 654 257
0 2.12132 1 639 256
0 2.82843 1 601 257
0 3.90434 1.25001 538 258
0 2.82843 1 356 258
0 2 5 314 255
0 3.53553 1 208 257
0 7.08204 1.23077 126 263
0 3.05085 0.666666 945 262
0 3 5 919 256
0 3 5 890 255
0 2 5 866 255
0 2.82843 -1 852 255
0 2.82843 1 821 255
0 2.82843 1 780 256
0 2 5 764 255
0 2.82843 1 752 256
0 3.1305 1.99998 724 256
0 1.41421 1 385 255
0 3.79473 0.333333 243 255
0 2.82843 1 228 257
0 3 5 874 254
0 3.53553 1 838 255
0 2 0 831 253
0 2 5 799 253
0 3 5 791 254
0 2 5 691 254
0 2 0 683 253
0 3.2 1.33333 678 262
0 2.82843 -1 622 254
0 4.58928 0.57143 257 257
0 2.82843 1 217 256
0 7.17091 0.928572 146 262
0 3 -0 860 253
0 2.12132 1 775 253
0 2 5 735 252
0 2.12132 1 698 253
0 2 5 348 252
0 4 0 181 253
0 2.82843 1 913 252
0 3 5 900 252
0 2 5 758 252
0 2.82843 0.999995 664 253
0 2 5 653 251
0 2.12132 1 447 252
0 3.2 1.33333 305 254
0 7.07107 1 54 260
0 3 5 885 251
0 4 5 704 251
0 2 -0 641 250
0 3 5 626 251
0 2.82843 1 615 251
0 2 -0 211 250
0 4.24264 0.999997 159 252
0 2.12132 1 869 250
0 2.82843 1 846 252
0 3 5 785 250
0 2.82843 -1 768 250
0 3.53553 1 744 251
0 3 5 720 250
0 2.82843 1 712 250
0 3 -0 634 250
0 4.44707 0.857141 585 254
0 3 5 378 250
0 4.24264 1 323 253
0 3 5 907 249
0 3 5 856 249
0 3 5 754 249
0 3 5 680 249
0 3 5 648 250
0 3.53553 1 541 250
0 3.40487 0.888888 493 254
0 3 0 359 249
0 1 0 349 248
0 4.4 1.33333 170 251
0 2.7735 0.666665 924 251
0 3 5 880 248
0 3 5 836 248
0 3 0 823 248
0 2.82843 1 796 248
0 3.53553 1 592 249
0 2 -0 569 247
0 2.82843 -1 507 248
0 2 0 899 246
0 2.82843 -1 864 247
0 2 5 700 246
0 4.24264 1 465 256
0 2.82843 1 830 246
0 2.82843 1 779 246
0 2.82843 -1 749 246
0 3 -0 738 246
0 2.82843 1 658 247
0 10.7242 0.875001 410 254
0 2.82843 1 391 248
0 2.82843 1 250 247
0 2.82843 -1 875 245
0 3 -0 851 245
0 3 5 841 245
0 3.25097 0.538463 809 247
0 3 -0 790 245
0 2 5 768 245
0 3 5 763 245
0 3.53553 1 185 246
0 2.82843 1 914 244
0 2.12132 -1 904 243
0 2.68328 0.5 890 245
0 1.41421 0.999999 825 243
0 2.12132 1 648 244
0 2.82843 -1 644 244
0 3 -0 631 244
0 3.8996 -0.400002 622 245
0 3.53553 -1 612 244
0 3.53553 1 197 248
0 2 0 860 242
0 2 0 774 242
0 7.07107 1 601 246
0 3.60654 0.933337 473 250
0 2 5 415 242
0 3.69089 0.555556 954 245
0 2 0 847 241
0 2.12132 1 785 242
0 3 -0 744 242
0 3.43582 1.24999 686 244
0 2.74398 1.66667 665 244
0 2 0 654 241
0 2.82843 1 532 243
0 4.24264 1 479 243
0 2 5 394 242
0 3.8774 0.944446 375 256
0 8.48528 -1 237 245
0 8.58095 0.0666673 214 245
0 3 5 909 241
0 3 -0 898 241
0 3 -0 884 241
0 3 -0 871 241
0 3 5 757 241
0 14.5403 0.583334 522 250
0 2.82843 1 382 244
0 3.57771 0.5 372 242
0 1 5 352 240
0 2 5 865 239
0 2 0 854 239
0 2.82843 1 835 240
0 3 5 801 240
0 2.12132 1 763 239
0 3.4 1.33333 674 243
0 2.82843 1 491 243
0 6 -0 342 242
0 4.24264 1 228 246
0 7.77666 0.826086 79 255
0 7.07107 1 28 246
0 2 0 891 238
0 2 5 879 238
0 2 0 822 238
0 3 -0 816 239
0 2.12132 1 793 240
0 2.68328 0.5 778 239
0 2 0 701 238
0 4 -0 694 240
0 3.53553 1 588 241
0 2 5 903 237
0 3 -0 768 238
0 2.7735 1.5 636 240
0 4.94975 1 332 245
0 4.68521 1.25 149 242
0 3 -0 843 237
0 2.12132 1 797 237
0 3 5 751 237
0 5 5 707 241
0 2.82843 1 648 238
0 2 5 535 237
0 4.24264 1 309 242
0 4.89968 0.888891 257 242
0 3.57771 -2.00003 830 237
0 3 0 811 236
0 3.53553 -1 741 237
0 4.24264 1 731 240
0 3.71992 1.40001 718 239
0 1.78885 0.5 499 235
0 3.53553 1 298 241
0 2 0 874 235
0 2.82843 -1 859 235
0 3 5 787 235
0 3 -0 773 235
0 3 5 688 235
0 4 5 679 236
0 2.82843 1 659 235
0 1 0 640 234
0 3 0 590 235
0 14.6607 2.09999 554 246
0 2.12132 1 470 235
0 4.0451 0.875001 439 241
0 8.68192 1.88889 94 245
0 5.94225 0.4 939 236
0 3.77297 0.6 937 247
0 3 -0 897 234
0 2 -0 881 233
0 2.82843 1 758 234
0 2.82843 1 616 236
0 4.34543 1.18182 290 245
0 3.53553 -1 230 234
0 2.82843 1 223 234
0 4.24264 1 173 237
0 2.68328 0.5 909 233
0 3 5 888 233
0 3.53553 1 865 234
0 3 -0 818 233
0 2 5 704 232
0 3 5 696 233
0 3.1305 0.5 667 234
0 4.94975 1 569 237
0 2.4 1.33333 525 235
0 8.48528 1 425 241
0 4.02492 2.00002 385 234
0 3.05085 1.49999 373 235
0 4 5 200 237
0 4.37287 0.799997 956 234
0 2 -0 901 231
0 2.82843 1 794 232
0 3 -0 767 232
0 2.82843 1 624 233
0 2 0 584 231
0 6 5 188 233
0 3.1305 0.500006 805 232
0 3 -0 782 231
0 2 -0 752 230
0 3 0 746 231
0 4 5 629 233
0 2 0 409 230
0 4 -0 273 232
0 4.94975 1 135 243
0 2.82843 1 929 231
0 3.53553 1 850 233
0 4 -0 838 231
0 2.82843 -1 831 230
0 2.82843 1 824 230
0 2.12132 1 514 230
0 3.12348 0.8 423 232
0 4.94975 1 139 232
0 2 -0 912 228
0 2.82843 -1 776 228
0 2.82843 -1 763 229
0 3 0 711 229
0 2.82843 1 671 229
0 3 5 659 229
0 3 0 939 228
0 2 0 881 227
0 3.05085 0.666659 872 228
0 3 0 812 228
0 2.82843 1 722 229
0 3 5 682 228
0 2 5 665 227
0 3.53553 1 320 229
0 2.82843 1 946 227
0 3 -0 924 227
0 2.12132 1 887 227
0 2.82843 1 699 227
0 3.05085 1.50002 649 229
0 4.98582 0.874997 394 231
0 3.05085 1.5 312 231
0 7.07107 1 271 240
0 6.79786 1.29412 117 239
0 7.27607 0.250001 77 230
0 2.82843 1 895 226
0 2 5 843 226
0 3 5 758 226
0 7.80582 3.6667 603 232
0 3 -0 225 226
0 2.82843 1 852 226
0 3 -0 772 225
0 2.68328 0.5 748 225
0 2.9673 0.799994 957 226
0 2 0 920 224
0 2.78543 0.400002 904 225
0 3 -0 829 224
0 3.08697 0.600003 798 226
0 2 0 767 223
0 5 5 737 225
0 1 5 679 224
0 3.53553 1 484 228
0 5.65685 1 351 230
0 4.24264 1 238 230
0 2 -0 941 223
0 2 5 889 223
0 2 5 880 223
0 1 0 838 222
0 2.82843 1 782 224
0 3.59701 0.571427 727 225
0 2.12132 1 686 223
0 2.82843 -1 661 223
0 2.97683 0.571428 588 224
0 5.83247 0.874998 449 231
0 5 5 268 225
0 4.94975 1 249 226
0 4 -0 930 223
0 3 -0 873 222
0 3 -0 806 222
0 3 -0 753 222
0 2.12132 1 668 222
0 4.24264 1.00001 511 223
0 3 -0 312 222
0 4 5 299 225
0 3.53553 -1 914 221
0 3.53553 1 816 222
0 4 5 642 223
0 2.60331 0.818182 525 226
0 6.76574 0.823531 501 228
0 3 5 445 221
0 5 -0 371 222
0 5 0 130 222
0 2.82843 -1 799 220
0 8.74905 3.24999 329 226
0 4 -0 102 220
0 2.12132 1 948 219
0 3 5 936 219
0 2.82843 1 897 219
0 3.53553 1 858 220
0 4 -0 823 220
0 3.1305 1.99997 705 221
0 2.12132 1 698 219
0 7.1837 0.3 626 223
0 3.53553 1 423 223
0 2.82843 1 412 222
0 2.82843 1 924 218
0 3 5 891 218
0 2.82843 -1 810 218
0 2 -0 795 218
0 3.53553 1 762 218
0 2.82843 -1 755 218
0 2.82843 1 692 220
0 3 5 681 218
0 2.12132 1 661 218
0 2.12132 1 586 218
0 4.24264 1 287 224
0 2.82843 1 256 219
0 7.6 1.33333 7 223
0 2 -0 912 217
0 2.82843 -1 882 217
0 2.82843 1 875 217
0 2 5 479 217
0 7.07107 1 91 222
0 3 5 942 216
0 3 -0 907 216
0 3 0 863 216
0 3.53553 1 842 217
0 3.53553 1 832 217
0 2.12132 1 803 216
0 4 0 784 216
0 4.76757 5 653 220
0 3.53553 1 528 218
0 3.53553 1 465 217
0 2.12132 1 931 215
0 2.12132 1 919 215
0 2.12132 1 855 214
0 2.4412 0.714285 772 218
0 2.82843 1 667 215
0 2.82843 1 614 216
0 3.8 0.750001 395 218
0 4.94975 1 315 217
0 3 5 902 214
0 3 -0 817 214
0 2 5 790 214
0 3.3282 0.666663 745 214
0 10 5 571 224
0 3.1305 0.5 512 215
0 2.12132 1 429 214
0 3 -0 871 213
0 3.96914 1.2 723 216
0 3.72807 0.866665 610 221
0 4 5 384 213
0 3 5 221 214
0 4.24264 1 194 216
0 4.6 0.750001 181 218
0 6.06232 0.888889 170 218
0 3 5 936 212
0 2 0 927 211
0 2 0 914 211
0 2.82843 -1 764 212
0 3.31295 5 674 216
0 3.53553 1 645 214
0 4.98582 0.875 377 217
0 6.8 1.33334 354 218
0 2.12132 1 125 212
0 2.7735 0.666659 884 211
0 4 5 848 213
0 2.82843 1 799 211
0 3.53553 1 750 212
0 1 0 712 210
0 4 0 518 211
0 4.4376 1.5 305 214
0 2.12132 1 922 209
0 3 5 898 210
0 3 0 861 210
0 3 -0 841 210
0 3 5 830 210
0 2 5 786 209
0 4 0 703 210
0 3 0 685 210
0 3.3282 1.50003 656 211
0 3.68782 0.857141 631 215
0 5 5 490 211
0 2 0 909 208
0 2 5 866 208
0 4.24264 1 806 210
0 4.50691 0.909092 735 215
0 8.48528 1 291 212
0 2.68328 0.5 782 208
0 3 -0 777 208
0 4 5 770 208
0 3 5 669 208
0 4 0.750003 554 210
0 2.12132 1 468 208
0 3 0 420 208
0 3.53553 1 259 211
0 4.21669 0.8 244 212
0 3.27965 1.25 234 213
0 5.7384 1.14286 146 222
0 3 -0 892 207
0 3.1305 0.5 874 208
0 3 -0 813 207
0 2.94485 1.2 618 210
0 3 5 608 207
0 2 0 571 206
0 4.91935 0.500003 964 207
0 2 5 917 206
0 2 5 838 206
0 3.1305 0.499995 822 206
0 2.82843 1 758 207
0 3 5 438 206
0 3 5 222 207
0 3 5 213 207
0 5.58318 0.90909 110 215
0 3 5 904 205
0 3 5 855 206
0 2.82843 1 792 206
0 3 0 723 205
0 8.40104 1.05882 591 213
0 4.02492 0.5 335 206
0 3 -0 884 204
0 2.82843 1 656 205
0 2 5 912 202
0 2 5 772 203
0 4.24264 1 270 207
0 3 -0 898 202
0 2 -0 889 202
0 2.12132 -1 716 202
0 4.24264 1 703 202
0 2.82843 1 661 202
0 3.43063 0.90909 433 208
0 2 5 232 201
0 3 0 878 201
0 3.05085 0.666667 865 201
0 11.6276 0.5 151 206
0 2.82843 1 951 200
0 2.2188 0.666664 924 203
0 3.57771 0.499994 784 201
0 2 5 721 199
0 4 -0 240 201
0 2.82843 -1 908 199
0 3.6 0.749997 747 201
0 4 5 651 199
0 5.34739 0.714286 399 205
0 3.8829 0.666664 382 200
0 3 5 894 198
0 3.47851 0.333332 838 198
0 2.82843 1 794 199
0 4 0 776 198
0 3 5 712 198
0 7.31805 0.57143 173 203
0 3 5 882 197
0 3.8829 0.666664 828 199
0 3.3282 0.666669 763 200
0 3.53553 1 637 200
0 3.07289 1.2 618 200
0 4.24264 1 285 200
0 3 -0 903 196
0 4.24264 1 855 198
0 5.36656 -0.5 731 197
0 2.82843 -1 702 196
0 3 -0 642 196
0 3.12348 0.799997 957 197
0 2.68328 0.5 945 195
0 2 5 888 195
0 2.82843 1 871 195
0 8.48528 1 364 200
0 5 5 136 196
0 2 0 780 193
0 3 5 752 194
0 9.19239 1 316 205
0 2 5 898 192
0 1 0 772 192
0 4 0 767 193
0 2.78994 0.714282 910 194
0 4 -0 721 193
0 3 5 709 192
0 3.53553 1 664 194
0 4 5 252 193
0 2 5 939 191
0 3 -0 883 191
0 2.82843 -1 867 191
0 4.42719 3.00002 801 193
0 2.82843 1 608 191
0 4.94975 1 589 198
0 4.94975 1 532 195
0 13.0837 1.63637 453 211
0 2.82843 1 430 196
0 3.53553 1 232 193
0 5.65685 1 115 198
0 2.82843 -1 894 190
0 3 5 877 190
0 2.82843 1 311 192
0 3.53553 -1 224 191
0 19.6699 1.25926 26 212
0 4.4 0.75 967 190
0 2.12132 1 947 189
0 2.82843 -1 934 189
0 2.12132 1 903 188
0 4 -0 839 189
0 4.24264 1 788 191
0 3.94015 0.818182 199 195
0 3 0 859 188
0 3 5 753 188
0 3.3282 0.666667 745 190
0 4.24264 1 320 192
0 2.82843 1 775 187
0 4 5 760 188
0 2.7735 0.666669 731 188
0 3.95103 1.14285 653 191
0 3.53553 1 415 190
0 5.83247 0.875 93 191
0 2 -0 940 186
0 2.12132 1 896 186
0 2.82843 1 889 187
0 3 -0 797 186
0 2.34261 0.8 713 187
0 5 0 636 187
0 4.24264 1 404 195
0 4.82382 1.28571 244 196
0 2 0 957 184
0 3 5 929 185
0 2.12132 -1 883 185
0 3 -0 872 185
0 3 5 217 185
0 3 0 902 184
0 2.82843 1 846 184
0 20.0917 0.0714282 682 195
0 6.02612 1.27778 622 193
0 3.53553 1 247 185
0 4 5 227 185
0 4 -0 766 184
0 2.82843 -1 747 183
0 2.82843 1 738 184
0 6.18252 1.16666 296 186
0 5.69286 1.15385 268 191
0 2.82843 -1 865 182
0 2.12132 1 858 182
0 2.68328 0.499989 754 182
0 4.24264 1 692 186
0 4.94975 1 386 187
0 3.15296 -0.25 951 182
0 2.82843 -1 923 181
0 3.78021 0.769231 938 203
0 2 5 879 180
0 1 0 843 180
0 4.66962 0.700001 809 186
0 2 5 723 181
0 2.82843 1 661 182
0 1.6641 0.666659 935 180
0 3 5 896 180
0 3.71391 0.400001 820 181
0 2.82843 1 760 180
0 2.12132 1 944 179
0 4.24264 1 832 181
0 2.82843 1 778 182
0 3 0 770 179
0 3 5 741 179
0 2 -0 639 178
0 4.88094 1.16667 595 188
0 4.94975 1 368 185
0 2.82843 -1 917 178
0 2.82843 1 870 178
0 3 -0 795 178
0 6.45822 0.740741 207 188
0 2.82843 -1 928 177
0 2.82843 1 904 177
0 3 -0 885 177
0 1 5 875 177
0 2.82843 1 849 178
0 4.24264 1 354 182
0 2.12132 1 940 176
0 3 -0 891 176
0 3.59139 0.545454 786 179
0 2.82843 1 622 176
0 3 -0 866 175
0 3 5 854 175
0 3 -0 823 175
0 4.4376 0.666671 752 176
0 3.8829 1.49999 649 177
0 9.27047 0.6875 146 185
0 2 0 935 173
0 2 5 922 174
0 3.1305 2.00004 880 174
0 2 5 859 173
0 2.82843 1 614 176
0 5.38575 1.23809 285 188
0 3 5 945 173
0 3 5 912 173
0 3 5 898 173
0 2.68328 0.5 837 174
0 7.28464 0.555556 473 177
0 3.53553 1 218 176
0 5.63362 0.833334 102 179
0 15.0854 0.777778 71 188
0 2.82843 -1 846 172
0 2.82843 1 795 173
0 3.53553 1 669 175
0 2.82843 1 632 175
0 11 -0 531 177
0 5.35706 0.285715 232 174
0 2 0 874 170
0 4 5 678 172
0 3 5 930 170
0 3 5 893 170
0 1 5 862 170
0 2 -0 822 170
0 3.53553 1 816 171
0 3.6 0.75 804 171
0 2.82843 1 762 172
0 5 -0 743 171
0 4 -0 732 170
0 3.53553 1 284 173
0 2.97678 0.785715 959 177
0 2 5 938 168
0 2.82843 -1 919 169
0 3 5 907 169
0 3 -0 885 169
0 2 0 855 168
0 3 -0 830 169
0 4.24264 1 786 171
0 4.24264 1 968 171
0 2 5 878 167
0 2.82843 -1 869 168
0 3 -0 850 167
0 4 5 135 168
0 2.12132 1 913 166
0 2 5 890 165
0 1.41421 0.999999 858 165
0 4 5 754 166
0 4.24264 1 723 170
0 5.73462 0.699999 707 173
0 2 0 958 164
0 3 -0 926 165
0 1 -0 919 164
0 2.82843 1 903 165
0 2.7735 0.666659 841 166
0 3 5 816 165
0 2.82843 1 710 165
0 2.82843 1 605 166
0 2.68328 0.499994 942 164
0 1 0 922 163
0 3 -0 864 164
0 3.79473 0.333333 808 165
0 3 -0 873 163
0 2 5 845 162
0 2.82843 -1 833 163
0 3.53553 1 795 163
0 4.12168 1.16667 770 166
0 1.41421 1 713 162
0 5.69604 1.18182 693 171
0 3 -0 679 163
0 3 5 953 162
0 2 5 908 162
0 2.82843 1 897 163
0 3 5 826 162
0 3.53553 1 886 161
0 2 0 760 160
0 3 -0 936 160
0 2 -0 851 159
0 4.81664 1.125 667 165
0 7.2563 0.199999 229 163
0 4.24264 1 207 161
0 2.12132 1 962 160
0 1.41421 0.999999 949 158
0 2 5 918 159
0 2 -0 914 158
0 3 5 903 159
0 3 -0 860 159
0 5.01377 0.400001 783 160
0 4.94975 1 652 165
0 3 -0 892 158
0 2 0 840 157
0 2 0 834 157
0 2.82843 1 750 159
0 4 5 720 159
0 4.94975 1 260 161
0 5.85225 1.1 196 165
0 3 5 931 157
0 2.82843 1 880 158
0 2.82843 1 866 157
0 2 5 828 157
0 28.2843 1 564 176
0 14.8262 0.95 176 192
0 3.53553 1 972 158
0 3 5 945 156
0 3 5 925 156
0 2.12132 1 908 156
0 2 -0 898 155
0 3 -0 873 156
0 3 5 846 156
0 3 -0 713 156
0 4 5 701 158
0 2.82843 1 690 157
0 2 5 956 154
0 3.53553 1 856 155
0 3.2 0.75 768 156
0 3.57771 0.5 727 156
0 4.02492 0.499996 739 155
0 1.41421 0.999999 966 152
0 2 -0 850 152
0 4.33861 0.857142 796 157
0 4.94975 1 179 164
0 2.03026 0.8 912 153
0 2 -0 903 152
0 2 5 895 151
0 2.82843 1 888 152
0 2 5 839 152
0 2.82843 -1 708 152
0 14.8492 1 298 167
0 2.23607 0.5 951 151
0 3 5 940 152
0 2.82843 -1 923 151
0 3 -0 828 151
0 3 5 820 151
0 5.65685 1 811 153
0 6 0 758 152
0 2.82843 1 697 151
0 4.94975 1 266 155
0 3 -0 935 150
0 3 5 883 150
0 4 -0 717 151
0 3 -0 876 149
0 5 -0 786 150
0 2 5 898 148
0 3.8996 0.400001 861 149
0 4 -0 730 149
0 4.31373 1.21428 609 158
0 2 0 945 146
0 3 5 918 148
0 2.23607 0.5 903 147
0 2.12132 1 892 146
0 3 0 833 147
0 2.65495 0.799994 960 147
0 2 5 931 145
0 2 5 886 146
0 2 5 872 146
0 7.1733 1.21053 109 162
0 2 0 926 144
0 2.82843 1 845 146
0 2.82843 -1 720 145
0 2.23607 0.5 330 145
0 3.68782 0.857143 739 147
0 2.82843 1 687 147
0 40.4203 0.3 414 171
0 3.8829 0.666673 976 144
0 1 -0 888 142
0 3 5 868 143
0 2.12132 1 788 143
0 1 0 969 141
0 2.82843 1 940 143
0 2.23607 0.499989 875 142
0 2 5 839 142
0 4.94975 1 801 146
0 3 -0 882 141
0 3 0.749995 852 142
0 4.47214 0.500004 775 142
0 2.82843 1 725 143
0 6 0 712 142
0 3.53553 1 701 144
0 15.4021 1.16666 669 148
0 4.24264 1 159 143
0 2.12132 1 951 141
0 2 5 927 140
0 2.2 0.75 895 141
0 3 -0 863 140
0 18.6574 0.333333 22 154
0 3 5 935 139
0 2.82843 1 920 139
0 4.2 0.75 759 143
0 4 -0 811 138
0 3 -0 749 138
0 6.69204 1.10345 159 159
0 3 5 889 137
0 3 -0 858 137
0 3.53553 -1 783 138
0 2.23607 0.5 972 137
0 2.84605 0.333332 962 136
0 2 5 877 136
0 3 -0 871 136
0 10.0873 -0.857145 822 140
0 2.82843 1 761 136
0 3 0 943 135
0 2.12132 1 930 135
0 2 5 920 134
0 3.09583 0.818184 908 139
0 2.82843 -1 883 134
0 2.82843 1 771 134
0 4.24264 1 736 136
0 2.68328 0.5 866 133
0 3 0 747 133
0 4 5 719 133
0 2.82843 1 897 132
0 2 0 854 131
0 4.90574 0.9 125 138
0 2.12132 1 959 130
0 2 0 924 130
0 2 5 873 131
0 3 5 847 131
0 9 -0 837 134
0 3.53553 1 353 133
0 2.82843 1 936 130
0 3.53553 1 914 131
0 2 5 860 129
0 2 5 799 130
0 4.24264 1 794 133
0 3.52821 0.400001 778 131
0 3 5 766 130
0 2 5 954 129
0 2 5 948 128
0 3 5 889 129
0 3 5 879 129
0 2.82843 1 819 129
0 2.82843 1 754 130
0 7.50727 0.9 52 139
0 3.53553 1 977 129
0 2.12132 1 929 128
0 2 5 868 127
0 2.82843 -1 761 128
0 3 5 894 127
0 3 5 785 127
0 5.2 0.75 699 129
0 2 5 942 126
0 2.82843 1 909 127
0 4.02492 0.499999 738 127
0 6.24367 0.900001 413 133
0 3.53553 1 967 125
0 1 0 948 124
0 2.82843 -1 872 125
0 3.12348 0.800004 807 129
0 3 -0 903 124
0 2.82843 1 852 124
0 2 5 814 124
0 3 5 768 124
0 2 5 760 123
0 2.12132 -1 729 124
0 3 -0 922 123
0 2.12132 1 885 123
0 1 -0 867 122
0 2.82843 -1 862 123
0 3 0 839 123
0 2.82843 1 747 124
0 2.12132 1 880 122
0 5 5 824 123
0 4 5 776 122
0 3 -0 717 122
0 2.23607 0.500006 961 121
0 2.82843 1 937 121
0 7.07107 1 684 129
0 2 -0 944 120
0 3 5 855 120
0 3 -0 846 120
0 4 5 794 121
0 2 0 931 119
0 4 -0 917 119
0 2 5 861 118
0 5 0 689 120
0 18.3848 1 178 135
0 3.57771 0.500002 978 120
0 3 5 954 118
0 3.15682 0.4 897 119
0 2 5 889 118
0 2.68328 0.499989 875 118
0 2.12132 1 868 118
0 3 -0 834 118
0 41.9704 0.515151 244 141
0 7.60767 0.375 13 125
0 3 5 911 117
0 2 5 849 116
0 2.82843 1 803 117
0 3.53553 1 740 118
0 2.12132 1 884 116
0 3 -0 827 116
0 7 -0 811 117
0 2 -0 934 114
0 2 -0 871 115
0 2 5 839 114
0 7.76427 0.724138 103 133
0 2.68328 0.500006 967 114
0 2.82843 -1 949 114
0 2.12132 1 892 113
0 2.12132 1 928 113
0 2 5 863 113
0 2 5 858 113
0 2 5 852 112
0 3 -0 799 113
0 3.53553 1 751 117
0 60.4049 5 611 145
0 3 5 943 112
0 3 5 922 112
0 3 0 880 112
0 4.32732 0.875004 780 115
0 7 -0 717 114
0 2.82843 1 679 111
0 5.38133 0.444442 598 115
0 2.68328 0.500003 980 112
0 2.68328 0.5 960 110
0 2 5 846 111
0 2.12132 1 937 109
0 3 5 915 109
0 2.9673 0.799994 904 111
0 3 5 835 109
0 2.82843 1 805 110
0 2 0 954 108
0 3 0 888 108
0 3 -0 874 108
0 2.12132 1 867 109
0 4.24264 1 733 109
0 2.12132 1 931 107
0 2 5 923 106
0 2.12132 1 854 107
0 2.82843 1 792 107
0 5.36656 0.499999 760 110
0 6.38455 1.07143 139 122
0 2.82843 1 895 106
0 3 5 841 106
0 3.8829 0.666665 816 107
0 12.7279 1 537 130
0 2.82843 -1 948 105
0 4.02492 0.5 826 107
0 3.53553 1 709 106
0 2 -0 916 104
0 3 -0 910 104
0 2.82843 1 882 104
0 3 -0 861 104
0 3.53553 1 574 105
0 3.57771 0.5 983 104
0 2.12132 1 942 103
0 2 5 871 102
0 2.82843 -1 808 103
0 3 0 682 103
0 2.74398 0.599997 966 104
0 1.41421 0.999999 928 102
0 2 0 903 101
0 2.82843 -1 891 101
0 2 0 846 101
0 2.12132 1 836 102
0 6.24695 1.25001 534 105
0 2.12132 1 976 100
0 1 0 920 100
0 2 -0 803 100
0 4.0853 -0.400001 789 102
0 1 5 913 99
0 3 5 877 100
0 3 -0 866 100
0 2.12132 -1 855 100
0 2.23607 0.499993 989 99
0 2.82843 1 955 99
0 2 5 938 98
0 4 -0 780 100
0 3.53553 1 741 99
0 3.3282 0.666665 700 100
0 1.41421 0.999999 924 97
0 2 5 886 98
0 2 5 860 97
0 2.74398 -0.599998 830 99
0 7.77817 1 591 102
0 2.82843 1 971 97
0 2 5 950 97
0 2 5 943 96
0 2.12132 -1 932 97
0 2.82843 -1 907 97
0 2.82843 -1 899 97
0 2 5 881 96
0 2 5 774 96
0 2 5 918 95
0 2.12132 1 851 96
0 2.82843 -1 845 96
0 3.05085 0.666667 813 98
0 1 0 966 94
0 2.12132 1 871 95
0 2.12132 1 865 95
0 2.82843 1 803 95
0 7.7747 0.54054 101 110
0 3 -0 893 94
0 2.82843 1 795 94
0 4.94975 -1 422 96
0 2.49878 0.800005 981 94
0 2.82843 1 961 93
0 1 0 912 92
0 3 5 877 93
0 3 -0 840 93
0 3 -0 829 93
0 4 5 818 93
0 2.82843 1 785 94
0 2.82843 1 990 91
0 2 5 943 90
0 2 0 897 90
0 3 5 860 91
0 6.22711 3.66667 767 99
0 4.02492 0.499998 747 92
0 2 -0 937 90
0 2.12132 1 906 90
0 2.82843 1 887 90
0 3 5 823 91
0 2.82843 1 811 90
0 3 5 953 89
0 3 5 865 89
0 3 5 836 89
0 2 5 830 88
0 2.82843 1 775 90
0 4.7251 1.42105 640 104
0 2.12132 1 973 88
0 3 5 958 88
0 3 5 872 88
0 3 -0.749997 853 89
0 2 0 984 86
0 3 5 880 87
0 2.68328 0.5 793 87
0 1 0 904 85
0 2 0 891 85
0 3.1305 0.5 846 87
0 3 0 967 85
0 14.3367 1.375 475 100
0 2.82843 1 992 84
0 3 -0 979 84
0 2.12132 1 949 84
0 2 0 899 83
0 2.12132 1 840 84
0 5.09325 0.25 739 86
0 7.72904 0.576924 710 95
0 4.94418 1.85715 507 93
0 2 5 942 82
0 2 -0 909 83
0 2.12132 1 868 83
0 4.24264 1 763 84
0 2.6 1.33333 520 86
0 16.2635 1 412 102
0 2.12132 1 824 82
0 3.57771 0.5 801 84
0 2 0 986 80
0 3 5 962 81
0 2 5 893 80
0 2 0 881 81
0 2 -0 833 80
0 3.592 0.799994 812 82
0 2.12132 1 956 80
0 2 5 938 79
0 2.68328 0.5 874 80
0 2 -0 850 80
0 1.78885 1.99997 314 79
0 1 0 906 78
0 2.12132 1 843 79
0 2.82843 1 730 79
0 6.54846 0.249999 716 81
0 5.94225 0.4 78 82
0 2.12132 1 950 78
0 2 5 932 77
0 6.18252 -0.222222 859 80
0 3 -0 817 78
0 1 0 306 77
0 2.74398 0.600003 977 78
0 2 -0 900 77
0 2.82843 1 886 77
0 4 5 756 78
0 1 -0 954 75
0 2 -0 838 76
0 3 0 827 76
0 3.53553 1 767 77
0 2.82843 1 992 75
0 3 5 986 75
0 3 -0 969 75
0 2 -0 944 75
0 2 0 869 75
0 2 5 832 74
0 3 5 725 75
0 1 0 137 74
0 3 5 812 75
0 2.82843 1 962 73
0 1 0 939 72
0 2 5 881 73
0 3 -0 875 73
0 3 -0 850 73
0 3 0 842 73
0 3.53553 1 802 75
0 10.243 0.833327 743 75
0 3.53553 -1 719 73
0 2 5 947 71
0 2.68328 0.5 893 73
0 2 5 835 71
0 3 5 761 72
0 3 5 732 72
0 3 5 974 71
0 3 -0 861 71
0 3 5 981 70
0 2 5 933 70
0 1 0 898 69
0 3.57771 -0.500002 823 70
0 3.93231 0.699998 787 74
0 5.76166 1.2 573 80
0 3 5 968 69
0 1 0 942 68
0 2 5 886 68
0 2 -0 738 69
0 3.41438 1.3 539 78
0 3.60555 1.5 509 74
0 2.12132 1 989 68
0 2.23607 0.500004 955 68
0 2 -0 877 68
0 2.12132 1 837 67
0 3 -0 708 68
0 1.41421 1 590 68
0 1 5 928 66
0 4 -0 817 68
0 4 -0 755 67
0 2 0 892 66
0 2.68328 0.500003 854 66
0 4.11096 0.333333 792 67
0 2.82843 1 727 67
0 6.6564 1.5 451 70
0 1 5 936 65
0 3 -0 872 65
0 3 5 842 65
0 3 -0 743 65
0 7.77817 1 658 89
0 3.4 1.33334 428 67
0 1 5 997 63
0 3 5 979 64
0 3 5 961 64
0 3 -0 904 64
0 2 -0 734 64
0 3 5 715 65
0 4.40835 1.36364 645 97
0 2.82843 1 985 63
0 3 5 946 63
0 3 0 866 63
0 4 -0 830 64
0 3 -0 721 63
0 7.88893 1.66667 450 95
0 4.24264 1 812 63
0 4.80778 1.13333 775 73
0 2.12132 1 738 61
0 2 0 974 61
0 3 5 886 61
0 2 5 837 61
0 4 -0 798 62
0 4.6 1.33333 597 68
0 2.12132 1 969 60
0 3 5 957 60
0 1 5 911 60
0 2.12132 -1 753 60
0 4 0 707 60
0 2.82843 1 993 59
0 3 -0 940 59
0 1.41421 1 932 59
0 3.1305 0.5 897 60
0 3 5 859 60
0 3 5 743 59
0 2.82843 1 729 59
0 2 0 716 58
0 1.71499 1.66666 468 63
0 4 5 443 60
0 40.7546 2.32 303 123
0 2.12132 1 983 58
0 2.82843 1 854 58
0 3.79473 0.333333 822 58
0 2.82843 1 759 58
0 4 0 214 58
0 2.82843 -1 952 57
0 3 5 880 57
0 3.1305 0.499997 871 58
0 2.82843 1 793 58
0 62.104 0.183673 354 92
0 5 5 225 60
0 3 -0 988 56
0 2 5 968 55
0 2.12132 1 926 56
0 2 -0 916 55
0 2.82843 -1 904 56
0 3 5 891 56
0 3 -0 847 56
0 2.12132 1 748 56
0 1.41421 0.999999 696 55
0 4.24264 1 583 58
0 3 5 978 55
0 2.68328 0.5 963 55
0 3 5 946 55
0 2 5 933 54
0 3.05085 0.666667 839 55
0 2.82843 1 829 55
0 3.1305 0.5 809 55
0 2.82843 -1 737 55
0 4.4376 0.666668 689 60
0 8.26798 0.625 51 62
0 2 5 884 53
0 13.7783 3.37501 609 69
0 13.9372 0.96 600 87
0 4.4 1.33333 452 57
0 5.33118 2.1 393 67
0 6.75335 -3.66669 319 61
0 2 5 951 52
0 2 5 921 52
0 4.02492 0.500002 785 55
0 3 5 754 53
0 6.02712 0.615384 674 67
0 2.65495 0.799999 376 55
0 2.82843 1 995 52
0 2 5 983 51
0 2 5 974 51
0 2.12132 1 940 51
0 3 -0 859 52
0 2.82843 1 761 53
0 3 5 732 52
0 2 5 928 50
0 2.68328 0.500004 874 52
0 3.53553 1 814 53
0 3 0 802 51
0 2.82843 1 712 51
0 2.7735 1.49999 610 54
0 3.05085 1.5 519 56
0 2 0 989 49
0 2.12132 1 959 50
0 2.82843 -1 914 50
0 2.82843 1 794 51
0 2 0 747 49
0 3 5 741 50
0 3 5 704 50
0 6.87366 1.63636 427 82
0 2.82843 1 905 50
0 3 -0 895 49
0 3 5 825 49
0 2.12132 1 723 52
0 3 5 969 48
0 2.12132 1 947 48
0 2 0 933 47
0 2.82843 1 884 48
0 2 5 830 47
0 6.36396 1 773 51
0 1.41421 1 755 48
0 1 0 730 47
0 2 0 983 46
0 3 5 850 48
0 3 0 786 47
0 3.97016 1.375 494 53
0 7.15542 0.5 100 51
0 2.12132 1 992 45
0 3 5 977 46
0 3 5 955 46
0 2 0 901 45
0 3.1305 0.499998 842 47
0 3.1305 0.499996 797 47
0 14.4059 1.02817 675 85
0 8.48528 1 625 53
0 4.99829 1.26316 547 72
0 7.06179 -5 340 50
0 2.12132 1 941 45
0 1 0 909 44
0 2.82843 1 877 45
0 3 0 808 45
0 2 5 751 44
0 3 -0 736 45
0 2.12132 1 725 45
0 6.00833 -3.00002 311 50
0 1 5 997 44
0 2.12132 1 964 44
0 1.41421 -1 918 44
0 3.51123 0.374999 861 46
0 2 0 836 43
0 2.12132 1 928 43
0 2 5 896 42
0 2.12132 1 369 44
0 4.82808 -2.50001 214 46
0 7.15542 0.5 131 45
0 2 0 986 41
0 2.82843 -1 950 42
0 2 0 853 41
0 2.68328 0.499998 816 43
0 2.12132 1 746 42
0 3 -0 731 42
0 14.9892 -0.692308 270 52
0 24.3155 0.440367 118 80
0 3 5 936 41
0 2 5 912 41
0 3 -0 889 41
0 2.12132 1 992 40
0 3 -0 973 40
0 2 0 959 39
0 2 5 922 40
0 3 5 801 40
0 2.12132 1 740 41
0 3 0 718 40
0 7.60263 2 419 46
0 2 0 980 38
0 2.12132 1 944 39
0 2.12132 -1 900 39
0 3 0 846 39
0 4 0 829 39
0 3.457 0.833333 709 42
0 7.75724 1.79167 404 62
0 2 0 931 37
0 2.82843 1 877 38
0 4.24264 1 761 41
0 3 5 725 38
0 6.27572 5 355 44
0 3 5 967 37
0 2 5 953 36
0 3 5 907 37
0 3.43582 0.799995 790 39
0 2 0 731 36
0 6.69663 0.428572 252 41
0 3 5 917 36
0 3 5 894 36
0 2.12132 1 948 35
0 4.24264 1 770 36
0 3.71631 0.928568 556 42
0 0.707107 1 502 34
0 6.23032 1.28 478 52
0 4.11096 2.99998 372 37
0 5 5 333 38
0 2.12132 1 981 34
0 3 5 941 34
0 3 5 926 34
0 2 0 881 33
0 3.1305 0.500004 858 34
0 4 0 821 34
0 3.47851 0.33333 813 35
0 3 5 718 34
0 2.12132 1 710 34
0 3 -0 994 33
0 3 5 976 33
0 3.57771 0.499997 837 34
0 2 5 726 32
0 2 0 910 31
0 2 5 900 32
0 4 -0 867 32
0 6.95701 -2.99999 305 37
0 2.12132 1 961 31
0 3 5 936 31
0 3 5 888 32
0 3.1305 0.500004 850 32
0 4.24264 1 805 32
0 3.57771 0.499998 780 32
0 6.88155 0.7 77 36
0 2.82843 1 988 30
0 2.12132 1 971 30
0 3 5 954 30
0 2.12132 1 893 30
0 4.6 0.749996 793 32
0 9.89949 -1 324 34
0 10.6319 -0.3 230 35
0 3 5 921 29
0 2 5 706 29
0 2.12132 1 983 28
0 2 0 944 28
0 3 5 930 28
0 2.12132 1 915 28
0 3 5 855 28
0 3 -0 842 28
0 2.89249 0.909093 745 33
0 2.82843 -1 723 28
0 3 5 403 29
0 2.82843 -1 966 27
0 2.12132 1 758 27
0 3.53553 1 753 28
0 5.65685 -1 342 29
0 2.82843 -1 995 26
0 1.41421 1 978 26
0 2.82843 1 903 27
0 3 5 883 26
0 2.82843 1 876 26
0 3 -0 862 26
0 4 5 826 26
0 2.82843 1 819 27
0 4 -0 811 26
0 2 5 776 26
0 2 5 952 24
0 2 5 909 25
0 2.82843 1 765 27
0 2.49615 0.666669 712 26
0 3 5 336 25
0 6.7082 0.5 245 28
0 2.12132 1 990 24
0 2.12132 1 939 24
0 3.1305 0.499995 848 24
0 3.07289 0.833333 729 27
0 5 0 535 25
0 3 -0 973 23
0 2.12132 1 962 23
0 2 5 928 23
0 2 0 771 22
0 2 -0 717 22
0 8.94427 -2 293 28
0 8.30992 -0.375 220 27
0 3 5 947 22
0 2 5 867 21
0 2.12132 1 858 22
0 4 -0 831 22
0 3 5 737 22
0 4.85071 -3.99997 317 25
0 3 -0 985 21
0 2.82843 -1 934 21
0 2 5 878 21
0 3.1305 0.499998 786 22
0 2.12132 1 969 20
0 2.82843 -1 922 21
0 3.1305 0.499997 894 21
0 3 0.749997 746 22
0 9.135 1.125 358 26
0 2.82843 -1 957 19
0 2.12132 -1 941 18
0 3 -0 915 19
0 2.82843 1 908 19
0 2.82843 1 794 19
0 3 5 779 19
0 2.82843 1 760 19
0 3 -0 711 19
0 6.39619 0.658537 647 39
0 3 -0 979 18
0 2.12132 1 952 18
0 3 -0 901 18
0 3 -0 861 18
0 2.82843 1 853 19
0 3 5 837 19
0 3.1305 0.500001 816 19
0 3 5 753 19
0 2.6 0.750001 993 18
0 2 5 963 16
0 2.82843 1 885 18
0 2.82843 1 873 17
0 2.12132 -1 789 17
0 2 0 740 16
0 12.0661 1.01176 527 77
0 2 0 974 15
0 2 0 930 15
0 7.15542 -0.5 250 19
0 2 5 946 14
0 2.23607 0.5 935 15
0 2 5 914 14
0 3 5 845 16
0 2 0 808 14
0 2 5 785 15
0 3.57771 0.499999 727 16
0 5.91469 1.07692 572 28
0 6.74881 -0.384615 274 20
0 2 5 969 13
0 2 0 958 13
0 3 5 896 14
0 2.12132 -1 850 14
0 3.10087 0.57143 802 16
0 3 0 765 14
0 2 0 755 13
0 3.53553 1 717 16
0 3.69258 1.20833 600 28
0 6 5 310 17
0 2.68328 0.500003 985 13
0 2.12132 -1 921 13
0 2.82843 -1 856 13
0 3.74817 0.799995 822 14
0 3.1305 0.5 748 13
0 1 5 997 12
0 3 5 909 12
0 3 -0 780 12
0 2 0 979 10
0 3 5 942 11
0 2.82843 1 891 11
0 3 5 882 11
0 3.72621 -0.199999 836 12
0 2.12132 1 791 11
0 4.35693 1.38095 433 30
0 2.12132 1 952 10
0 2.82843 -1 928 10
0 3 -0 903 10
0 3 5 844 10
0 2 0 814 9
0 2.12132 1 759 10
0 2 0 742 9
0 8.18629 0.57143 348 14
0 2 5 991 9
0 3 -0 965 9
0 4 5 876 9
0 2.94485 0.833328 865 11
0 2.12132 1 773 8
0 2 0 974 7
0 2 0 959 7
0 2.12132 1 936 8
0 3 5 827 8
0 2 0 794 7
0 2 5 898 6
0 2 5 855 6
0 3.53553 1 750 8
0 3.06147 1.08696 610 24
0 2.82843 -1 986 6
0 3 5 946 6
0 2 5 930 5
0 3.1305 2.00003 921 6
0 4.85071 -0.25 805 7
0 2 0 760 5
0 4.44756 0.375 683 12
0 2.12132 1 607 7
0 3.12348 0.799994 911 6
0 3 -0 886 5
0 3 5 849 5
0 2 5 788 5
0 2.82843 1 768 5
0 2 5 981 3
0 2.82843 1 969 4
0 2 -0 955 4
0 2 5 916 3
0 2.82843 1 839 4
0 2.74398 0.599999 727 6
0 5.46608 1.25 449 18
0 5.64709 1.125 362 8
0 2.12132 -1 902 2
0 3 5 894 3
0 2.82843 1 833 3
0 2.68328 0.499996 820 4
0 9.67975 0.647059 324 10
0 4.94975 -1 261 5
0 3 -0 994 2
0 1 0 977 1
0 2.12132 0.999999 963 1
0 1 0 950 1
0 2.12132 0.999999 940 2
0 2 5 934 1
0 1 0 928 1
0 1 0 881 1
0 2.12132 1 871 2
0 1.78885 0.499991 865 1
0 2.82843 1 860 3
0 1 0 845 1
0 1 0 827 1
0 2 0 807 1
0 2 0 797 1
0 4.24264 1 780 4
0 2.82843 -1 772 2
0 3 -0 754 2
0 3 5 744 2
0 2.82843 1 736 4
0 2 0 719 1
0 4.44756 0.374999 707 3
0 4.06783 0.433333 693 7
0 6.63366 0.566037 670 18
0 6.0807 0.617647 654 24
0 4.24264 1 586 5
0 6.90663 0.944443 580 19
0 4.56504 1.80001 549 5
0 5.65685 1 545 20
0 4.91436 1.09091 517 8
0 7.07107 1 524 32
0 5.64433 0.875 495 22
0 3.36242 0.857145 467 3
0 4.11578 1.09091 460 12
0 52.5432 1.82143 497 140
0 8.56054 1.08 410 16
0 4 0 385 2
0 13.2042 1.125 383 18
0 5.14496 1.66667 351 3
0 3 5 341 3
0 8 0 291 4
0 56 -0 173 24
0 8 0 105 4
0 2 0 67 1
0 78.7609 3.59459 27 66
1 1.41421 1 784 670
1 1.41421 1 696 670
1 2 5 590 670
1 2.12132 1 986 669
1 2 5 874 669
1 3 0 789 669
1 3 5 724 669
1 2.12132 1 645 669
1 3 0 509 669
1 3 5 666 669
1 2.12132 1 599 669
1 3.57771 2 993 668
1 2.52982 2.99993 834 668
1 2.49615 1.50004 674 669
1 3.05085 1.50002 657 669
1 1.78885 2 516 668
1 3.1305 2.00004 901 668
1 3.1305 2 547 668
1 3.57771 2 805 667
1 1.85695 2.49996 540 668
1 3.57771 2 428 668
1 3.05085 1.49999 299 667
1 3.1305 2.00003 758 667
1 5 5 83 667
1 3.57771 2.00002 880 666
1 3.79473 3 707 666
1 4.02492 2 558 666
1 3.57771 2 266 666
1 3.57771 1.99998 529 666
1 3.57771 2 764 665
1 3.16228 3.00003 611 665
1 2.94174 5 305 665
1 2.68328 2 213 660
1 3.28798 -0.16667 427 659
1 3.57771 2 966 664
1 5.09902 4.99996 349 664
1 5.97022 5 61 664
1 3.79473 2.99997 862 662
1 3.34252 2.50001 728 663
1 3.57771 2.00001 773 663
1 3.71391 2.49999 739 664
1 3.1305 2 635 663
1 3.57771 2 822 662
1 3.1305 2.00002 691 657
1 3.54527 2.33334 616 663
1 3.1305 2 548 659
1 4.74342 3.00001 413 663
1 3.79473 -3.00001 154 659
1 3.05085 1.50001 984 658
1 3.02005 2.33332 602 661
1 3.1305 2 655 657
1 4.11096 2.99998 567 661
1 4.47214 1.99999 243 658
1 3.86189 2.42857 493 660
1 1 5 422 651
1 12.2251 3.5 364 659
1 3.93919 2.33336 586 655
1 3.47851 3.00001 577 659
1 4.12311 4.00004 702 650
1 3.80699 2.2 696 655
1 4.11096 3.00002 641 653
1 4.74342 3 271 657
1 4.47214 2 223 659
1 4.47214 2 780 653
1 3.31796 2.42858 683 656
1 4.11096 2.99999 319 658
1 4.71377 5 512 653
1 3.34252 2.50001 711 653
1 3.52821 2.49999 837 654
1 2.68328 2 716 648
1 2.8713 2.88887 954 654
1 3.1305 2 851 645
1 4.4376 1.5 522 647
1 4.02492 2.00002 237 642
1 2.23607 2 992 649
1 3.57771 2 959 643
1 3.1305 2.00002 871 644
1 4.28746 1.66667 325 648
1 2.23607 2 973 642
1 3.39419 2.66667 658 647
1 4.42719 3 335 650
1 3.61539 2.4 311 655
1 4.46573 2.3 231 652
1 4.45669 2.5 197 653
1 3.1305 2 750 646
1 3.8996 2.5 865 646
1 3.1305 2 541 641
1 2 5 152 638
1 4.02492 2 531 646
1 9 5 163 655
1 3.1305 2 756 641
1 3.30045 1.92308 881 645
1 3.52821 2.5 847 650
1 3.57771 2 762 638
1 3.8996 2.50002 719 639
1 3.1305 2 683 637
1 4.47214 2 560 637
1 4.01548 2.75 208 642
1 3.3833 2.53846 943 648
1 4.05654 3.19999 405 638
1 6.30593 4.00001 258 636
1 3.57771 2 950 632
1 3.67658 2.33333 605 635
1 2.49615 1.49998 996 628
1 4.64233 2.71428 497 645
1 7.46667 2.8 382 649
1 3.1305 2 833 634
1 9.48462 3.23077 182 651
1 8 5 22 650
1 3.1305 2 576 631
1 2.49615 1.50001 483 627
1 3.8996 2.5 547 639
1 4.91935 2 466 630
1 3.05085 1.50001 977 624
1 4.0853 2.50001 669 645
1 5.05964 3.00001 345 630
1 5 5 55 629
1 8.91338 2.5 479 649
1 4.76358 2.57142 436 641
1 1 5 252 618
1 1 5 960 617
1 3.65525 2.25 726 630
1 5.57086 2.5 124 644
1 7.44994 2.55556 391 642
1 4.93683 2.83334 320 625
1 4 5 753 617
1 2.82843 -1 241 615
1 4.17997 2.2857 766 625
1 3.57771 1.99999 670 624
1 3.05798 1.65 986 628
1 4.91935 2 943 617
1 5.59205 2.64706 932 645
1 7.90346 2.77778 415 627
1 7.61351 2.5 137 644
1 1.8 0.749994 996 612
1 3.57771 2 516 625
1 3.1305 2 487 612
1 3.16228 3 321 613
1 7.90569 3 240 629
1 9.5138 5 41 643
1 4.02492 2 710 617
1 7.22185 2.33334 642 622
1 5 5 254 611
1 3.57771 2 928 614
1 3.34252 2.5 565 623
1 16.6064 2.39131 67 630
1 2.90659 1.125 991 613
1 2.97113 2.50002 530 613
1 4.09315 1.75 522 618
1 3.57771 1.99998 672 611
1 5.10723 1.36364 549 613
1 3.25847 1.66668 535 610
1 5.9065 3.5 393 613
1 8.91943 4.33334 355 617
1 5.74696 3.33334 202 613
1 9.86394 5 15 614
1 2.82843 1 716 605
1 5.65685 -1 5 607
1 5.26991 5 336 623
1 3.54527 2.33334 856 615
1 4.27099 2.50001 462 607
1 9.21746 5 183 616
1 3.28599 1.59999 966 606
1 4.52973 2.81817 807 624
1 3.47851 2.99999 103 602
1 4.60055 2.27778 581 621
1 19.5584 3.66667 97 629
1 5 5 973 595
1 1 5 528 595
1 5.36656 1.99999 754 600
1 8.04574 3.33334 242 598
1 4.02492 2.00001 830 606
1 4.74342 2.99998 152 596
1 27.9243 2.875 146 612
1 3.23077 2.4 960 627
1 3.57771 2 658 595
1 3.24511 3.66667 416 594
1 6.36396 -1 48 595
1 0.707107 1 995 588
1 9 5 192 595
1 4 5 103 589
1 4.02492 2 541 593
1 7.5702 3.28571 215 602
1 1 5 94 587
1 3.18991 2.56522 799 627
1 3.51123 2.66667 452 592
1 5.64019 2.21053 438 625
1 3.23081 2.59999 650 611
1 6.4 1.33333 170 590
1 4 -0 89 586
1 3.57771 2 501 594
1 4.47131 2.1 450 622
1 3.47851 2.99996 568 586
1 9.8387 2 115 591
1 2.52982 2.99996 530 586
1 4.36564 3.99998 466 594
1 7.55483 3.5 285 616
1 10.2581 2.69231 271 622
1 6.64078 3.00001 589 612
1 5 5 375 585
1 2 0 141 580
1 3.30237 1.8 659 587
1 3.45416 1.85714 919 590
1 7.09544 5 312 589
1 9.82305 3.66667 300 606
1 9.05019 5 230 588
1 7 5 326 585
1 3 0 190 577
1 6 5 342 583
1 3.8996 2.50001 698 587
1 3.8996 2.49999 647 589
1 3.81282 1.86111 961 609
1 7.85012 1.30769 398 586
1 3 5 263 573
1 2.82843 1 564 572
1 10.735 2.84615 364 590
1 5.80473 2.85715 630 585
1 10 5 440 578
1 3.67011 2.58334 737 592
1 3.67007 2.45455 548 582
1 7 5 412 573
1 7.53856 2.6 558 584
1 6.37905 1.5 504 581
1 6.56532 2.33335 423 570
1 5.79218 3.70001 476 584
1 7 5 457 568
1 3.2467 2.12499 819 574
1 2 -0 405 559
1 4.47214 2 631 563
1 3.84865 2.73077 683 597
1 3.77303 0.869567 953 570
1 3.03703 1.16667 930 559
1 4.65309 3.19999 789 574
1 4.06955 2.52381 812 581
1 4.42719 3.00002 688 561
1 4.21669 0.8 989 561
1 7.65486 2.83333 492 592
1 4.27099 2.5 837 598
1 6.32456 3 622 600
1 6.66564 3.66665 534 560
1 7.27863 3.24999 518 571
1 7.25341 1.58334 565 561
1 5.56499 3.09375 609 593
1 6.09522 2.43478 599 598
1 4.02492 2 900 569
1 6.55778 2.31373 908 608
1 5.33578 3.99997 621 552
1 6.48096 3.36 670 580
1 6.00253 2.1875 735 564
1 6.02879 3.10714 689 586
1 1 5 997 542
1 5.57832 4.00001 645 556
1 4.607 2.43182 775 595
1 5.95066 2.86666 724 581
1 7.61577 2.33333 719 597
1 6.34232 2.94445 921 564
1 4.04168 2.10204 765 595
1 5.73323 2.59375 856 582
1 4.74342 2.99998 808 543
1 6.02079 2.89285 808 595
1 4.91573 2.66666 772 552
1 2.6 0.75 986 539
1 5.51798 2.53192 892 597
1 7.96845 2.38235 876 594
1 5.28435 2.71428 832 556
1 4.64238 2.49999 903 553
1 3.53553 1 966 538
1 2 5 898 520
1 10.3958 0.984849 952 553
1 2.62783 0.809524 966 519
1 2.2188 0.666669 988 507
1 4.70079 1.05128 951 538
1 2.2 0.75 994 491
1 2.92988 0.76 973 505
1 8.13416 0.985075 952 517
1 4.38724 0.774193 958 504
1 3.53553 1 940 480
1 3.8829 0.666667 974 488
1 3 0.75 987 476
1 4.32464 0.810811 945 476
1 3.27965 0.799998 963 459
1 2.83053 0.766665 978 460
1 0.707107 1 951 445
1 4.50578 0.7 953 463
1 4.37287 0.799996 937 435
1 3 -0 996 427
1 2.94862 0.916667 938 427
1 4.15625 0.785715 965 435
1 3.08703 0.470588 988 407
1 5.92364 0.862746 968 422
1 2.23607 0.5 986 389
1 5.51806 0.741935 969 404
1 4.53838 0.481482 968 386
1 4.97641 0.48 968 372
1 4.47214 0.5 970 360
1 5.04444 0.615385 971 346
1 3.57771 0.5 974 334
1 3.57771 0.5 968 321
1 3.48225 0.565216 979 318
1 4.20181 0.575758 974 305
1 3.61413 0.517242 982 297
1 4 0.533333 976 285
1 3.57771 0.5 980 276
1 1 5 997 257
1 4.20442 0.458333 980 263
1 4.02492 0.499999 977 246
1 3.85535 0.550001 984 236
1 3.57771 0.5 984 224
1 3.57771 0.5 995 218
1 4.94975 1 983 211
1 3.57771 0.5 986 201
1 3.57771 0.499998 987 190
1 3.95899 0.583334 988 179
1 4.37079 0.555556 990 164
1 4.71495 0.666664 993 146
1 4.02492 0.5 994 134
1 5 5 995 121
1 4.16025 0.666666 995 105
1 2 5 995 95
1 1 5 997 88
1 0 -5 0 0
